Epoch | Weights
1 | OrderedDict([('weights', tensor([-1.4317e-01, -1.3010e-01, -1.5347e-01, -1.3427e-01, -1.8825e-02,
        -1.3357e-01, -1.5858e-01, -1.6945e-01, -1.5959e-01, -2.7328e-02,
         4.2475e-03,  1.8667e-03,  4.3713e-03,  4.4103e-03,  4.8399e-04,
         1.2898e-04,  1.3739e-03,  2.9101e-03,  5.6704e-03,  4.8466e-03]))])
2 | OrderedDict([('weights', tensor([-2.7236e-01, -2.6017e-01, -2.9186e-01, -2.6534e-01, -5.8609e-02,
        -2.6052e-01, -2.9533e-01, -3.1290e-01, -2.9868e-01, -7.1520e-02,
         2.4271e-03,  1.3631e-03,  2.5577e-03,  2.5276e-03,  4.2763e-04,
         9.3741e-05,  8.0037e-04,  1.6507e-03,  3.1105e-03,  5.1356e-03]))])
3 | OrderedDict([('weights', tensor([-3.6733e-01, -3.5950e-01, -3.9176e-01, -3.6574e-01, -8.0767e-02,
        -3.5786e-01, -3.8649e-01, -4.0868e-01, -3.9165e-01, -8.9349e-02,
         1.1801e-03,  7.6056e-04,  1.2656e-03,  1.2301e-03,  2.6002e-04,
         5.3180e-05,  3.9218e-04,  7.9479e-04,  1.4644e-03,  3.9751e-03]))])
4 | OrderedDict([('weights', tensor([-4.2277e-01, -4.1921e-01, -4.4886e-01, -4.2515e-01, -9.8229e-02,
        -4.1596e-01, -4.3596e-01, -4.5993e-01, -4.4174e-01, -1.0475e-01,
         5.3436e-04,  3.7690e-04,  5.8237e-04,  5.5864e-04,  1.3543e-04,
         2.7158e-05,  1.7876e-04,  3.5800e-04,  6.4675e-04,  2.8586e-03]))])
5 | OrderedDict([('weights', tensor([-4.5902e-01, -4.5806e-01, -4.8654e-01, -4.6471e-01, -1.0850e-01,
        -4.5485e-01, -4.6994e-01, -4.9445e-01, -4.7634e-01, -1.1662e-01,
         2.4061e-04,  1.8310e-04,  2.6630e-04,  2.5231e-04,  6.8308e-05,
         1.3651e-05,  8.0988e-05,  1.6063e-04,  2.8414e-04,  2.3502e-03]))])
6 | OrderedDict([('weights', tensor([-4.7443e-01, -4.7601e-01, -5.0290e-01, -4.8282e-01, -1.1899e-01,
        -4.7296e-01, -4.8327e-01, -5.0802e-01, -4.9017e-01, -1.2139e-01,
         1.0349e-04,  8.3071e-05,  1.1616e-04,  1.0904e-04,  3.1767e-05,
         6.4118e-06,  3.4995e-05,  6.8892e-05,  1.1982e-04,  1.5711e-03]))])
7 | OrderedDict([('weights', tensor([-4.8993e-01, -4.9207e-01, -5.1812e-01, -4.9858e-01, -1.2360e-01,
        -4.8841e-01, -4.9634e-01, -5.2152e-01, -5.0341e-01, -1.2338e-01,
         4.5562e-05,  3.8679e-05,  5.1894e-05,  4.8193e-05,  1.5160e-05,
         3.0954e-06,  1.5483e-05,  3.0180e-05,  5.1515e-05,  1.2466e-03]))])
8 | OrderedDict([('weights', tensor([-5.0183e-01, -5.0424e-01, -5.3022e-01, -5.1116e-01, -1.3108e-01,
        -5.0083e-01, -5.0801e-01, -5.3278e-01, -5.1491e-01, -1.3568e-01,
         2.0363e-05,  1.8233e-05,  2.3505e-05,  2.1586e-05,  7.2975e-06,
         1.5053e-06,  6.9393e-06,  1.3392e-05,  2.2417e-05,  1.1363e-03]))])
9 | OrderedDict([('weights', tensor([-5.0176e-01, -5.0513e-01, -5.3083e-01, -5.1223e-01, -1.4122e-01,
        -5.0197e-01, -5.0791e-01, -5.3263e-01, -5.1496e-01, -1.4450e-01,
         9.1164e-06,  8.5588e-06,  1.0652e-05,  9.6784e-06,  3.4877e-06,
         7.2752e-07,  3.1108e-06,  5.9454e-06,  9.7631e-06,  9.5031e-04]))])
10 | OrderedDict([('weights', tensor([-4.8997e-01, -4.9310e-01, -5.1850e-01, -5.0007e-01, -1.1886e-01,
        -4.8973e-01, -4.9449e-01, -5.1939e-01, -5.0082e-01, -1.2279e-01,
         4.0144e-06,  3.9260e-06,  4.7431e-06,  4.2667e-06,  1.6231e-06,
         3.4266e-07,  1.3702e-06,  2.5929e-06,  4.1835e-06,  6.4704e-04]))])
11 | OrderedDict([('weights', tensor([-4.9092e-01, -4.9367e-01, -5.1943e-01, -5.0081e-01, -1.2587e-01,
        -4.9064e-01, -4.9588e-01, -5.2113e-01, -5.0272e-01, -1.2573e-01,
         1.7774e-06,  1.8052e-06,  2.1234e-06,  1.8914e-06,  7.5606e-07,
         1.6169e-07,  6.0612e-07,  1.1357e-06,  1.8002e-06,  7.3414e-04]))])
12 | OrderedDict([('weights', tensor([-4.9120e-01, -4.9505e-01, -5.1998e-01, -5.0222e-01, -1.3025e-01,
        -4.9211e-01, -4.9734e-01, -5.2210e-01, -5.0418e-01, -1.3055e-01,
         7.8027e-07,  8.1816e-07,  9.4210e-07,  8.3206e-07,  3.4646e-07,
         7.5104e-08,  2.6552e-07,  4.9309e-07,  7.6902e-07,  7.4839e-04]))])
13 | OrderedDict([('weights', tensor([-4.8479e-01, -4.8806e-01, -5.1351e-01, -4.9482e-01, -1.2144e-01,
        -4.8494e-01, -4.8920e-01, -5.1454e-01, -4.9573e-01, -1.2474e-01,
         3.5025e-07,  3.7986e-07,  4.2656e-07,  3.7289e-07,  1.6258e-07,
         3.5591e-08,  1.1879e-07,  2.1796e-07,  3.3388e-07,  6.5026e-04]))])
14 | OrderedDict([('weights', tensor([-4.9351e-01, -4.9727e-01, -5.2222e-01, -5.0411e-01, -1.2731e-01,
        -4.9389e-01, -4.9869e-01, -5.2408e-01, -5.0528e-01, -1.3026e-01,
         1.5293e-07,  1.7029e-07,  1.8797e-07,  1.6302e-07,  7.3460e-08,
         1.6291e-08,  5.1636e-08,  9.3934e-08,  1.4168e-07,  7.6916e-04]))])
15 | OrderedDict([('weights', tensor([-5.0139e-01, -5.0468e-01, -5.2976e-01, -5.1179e-01, -1.3534e-01,
        -5.0154e-01, -5.0756e-01, -5.3296e-01, -5.1471e-01, -1.3884e-01,
         6.7840e-08,  7.7523e-08,  8.4267e-08,  7.2516e-08,  3.3717e-08,
         7.5964e-09,  2.2787e-08,  4.1117e-08,  6.0964e-08,  9.9468e-04]))])
16 | OrderedDict([('weights', tensor([-5.0160e-01, -5.0504e-01, -5.2987e-01, -5.1182e-01, -1.4102e-01,
        -5.0167e-01, -5.0682e-01, -5.3153e-01, -5.1361e-01, -1.4205e-01,
         3.0428e-08,  3.5649e-08,  3.8113e-08,  3.2522e-08,  1.5612e-08,
         3.5614e-09,  1.0152e-08,  1.8128e-08,  2.6430e-08,  8.3599e-04]))])
17 | OrderedDict([('weights', tensor([-5.0615e-01, -5.0937e-01, -5.3403e-01, -5.1604e-01, -1.4500e-01,
        -5.0563e-01, -5.1185e-01, -5.3600e-01, -5.1883e-01, -1.4862e-01,
         1.3640e-08,  1.6347e-08,  1.7218e-08,  1.4575e-08,  7.2045e-09,
         1.6627e-09,  4.5171e-09,  7.9885e-09,  1.1452e-08,  8.8005e-04]))])
18 | OrderedDict([('weights', tensor([-5.0757e-01, -5.1114e-01, -5.3594e-01, -5.1810e-01, -1.4674e-01,
        -5.0785e-01, -5.1372e-01, -5.3808e-01, -5.2109e-01, -1.4725e-01,
         6.1380e-09,  7.5150e-09,  7.8094e-09,  6.5586e-09,  3.3322e-09,
         7.7806e-10,  2.0163e-09,  3.5264e-09,  4.9730e-09,  7.0513e-04]))])
19 | OrderedDict([('weights', tensor([-5.0556e-01, -5.0919e-01, -5.3413e-01, -5.1605e-01, -1.3503e-01,
        -5.0584e-01, -5.1122e-01, -5.3592e-01, -5.1846e-01, -1.4051e-01,
         2.7324e-09,  3.4082e-09,  3.4987e-09,  2.9168e-09,  1.5187e-09,
         3.5835e-10,  8.8976e-10,  1.5413e-09,  2.1389e-09,  6.6428e-04]))])
20 | OrderedDict([('weights', tensor([-4.9493e-01, -4.9822e-01, -5.2346e-01, -5.0474e-01, -1.2581e-01,
        -4.9452e-01, -4.9915e-01, -5.2441e-01, -5.0616e-01, -1.3139e-01,
         1.1865e-09,  1.5024e-09,  1.5282e-09,  1.2665e-09,  6.7220e-10,
         1.6022e-10,  3.8339e-10,  6.5840e-10,  9.0103e-10,  5.0715e-04]))])
21 | OrderedDict([('weights', tensor([-5.0366e-01, -5.0697e-01, -5.3213e-01, -5.1395e-01, -1.3061e-01,
        -5.0381e-01, -5.0931e-01, -5.3398e-01, -5.1650e-01, -1.3346e-01,
         5.2858e-10,  6.7995e-10,  6.8440e-10,  5.6336e-10,  3.0552e-10,
         7.3416e-11,  1.6910e-10,  2.8719e-10,  3.8722e-10,  6.5245e-04]))])
22 | OrderedDict([('weights', tensor([-5.0656e-01, -5.1025e-01, -5.3553e-01, -5.1761e-01, -1.4869e-01,
        -5.0756e-01, -5.1238e-01, -5.3739e-01, -5.1930e-01, -1.4666e-01,
         2.3694e-10,  3.0922e-10,  3.0891e-10,  2.5285e-10,  1.3951e-10,
         3.3926e-11,  7.5025e-11,  1.2615e-10,  1.6757e-10,  7.9339e-04]))])
23 | OrderedDict([('weights', tensor([-5.1951e-01, -5.2242e-01, -5.4769e-01, -5.2978e-01, -1.4905e-01,
        -5.1935e-01, -5.2520e-01, -5.4957e-01, -5.3231e-01, -1.4788e-01,
         1.0734e-10,  1.4210e-10,  1.4064e-10,  1.1436e-10,  6.4335e-11,
         1.5776e-11,  3.3569e-11,  5.5796e-11,  7.2962e-11,  8.2367e-04]))])
24 | OrderedDict([('weights', tensor([-5.1189e-01, -5.1463e-01, -5.3982e-01, -5.2153e-01, -1.4150e-01,
        -5.1091e-01, -5.1575e-01, -5.3969e-01, -5.2240e-01, -1.4635e-01,
         4.8357e-11,  6.4840e-11,  6.3580e-11,  5.1354e-11,  2.9446e-11,
         7.2617e-12,  1.4939e-11,  2.4547e-11,  3.1613e-11,  6.2985e-04]))])
25 | OrderedDict([('weights', tensor([-4.9297e-01, -4.9603e-01, -5.2115e-01, -5.0284e-01, -1.1857e-01,
        -4.9248e-01, -4.9636e-01, -5.2141e-01, -5.0333e-01, -1.2200e-01,
         2.1464e-11,  2.9100e-11,  2.8344e-11,  2.2771e-11,  1.3248e-11,
         3.2948e-12,  6.5508e-12,  1.0651e-11,  1.3523e-11,  3.7860e-04]))])
26 | OrderedDict([('weights', tensor([-4.8764e-01, -4.9096e-01, -5.1643e-01, -4.9758e-01, -1.1165e-01,
        -4.8742e-01, -4.9182e-01, -5.1705e-01, -4.9879e-01, -1.1529e-01,
         9.3633e-12,  1.2811e-11,  1.2405e-11,  9.9178e-12,  5.8445e-12,
         1.4625e-12,  2.8255e-12,  4.5497e-12,  5.7032e-12,  5.1181e-04]))])
27 | OrderedDict([('weights', tensor([-4.9844e-01, -5.0184e-01, -5.2691e-01, -5.0876e-01, -1.2527e-01,
        -4.9854e-01, -5.0379e-01, -5.2907e-01, -5.1113e-01, -1.2716e-01,
         4.2585e-12,  5.8855e-12,  5.6607e-12,  4.5005e-12,  2.6900e-12,
         6.7731e-13,  1.2663e-12,  2.0143e-12,  2.4873e-12,  8.5619e-04]))])
28 | OrderedDict([('weights', tensor([-4.9765e-01, -5.0128e-01, -5.2595e-01, -5.0824e-01, -1.2616e-01,
        -4.9819e-01, -5.0402e-01, -5.2893e-01, -5.1128e-01, -1.2760e-01,
         1.8674e-12,  2.6010e-12,  2.4913e-12,  1.9732e-12,  1.1911e-12,
         3.0220e-13,  5.4857e-13,  8.6484e-13,  1.0544e-12,  7.9614e-04]))])
29 | OrderedDict([('weights', tensor([-4.9333e-01, -4.9731e-01, -5.2200e-01, -5.0411e-01, -1.2680e-01,
        -4.9398e-01, -4.9920e-01, -5.2432e-01, -5.0637e-01, -1.2705e-01,
         8.2862e-13,  1.1632e-12,  1.1092e-12,  8.7467e-13,  5.3350e-13,
         1.3624e-13,  2.4023e-13,  3.7456e-13,  4.5062e-13,  6.7609e-04]))])
30 | OrderedDict([('weights', tensor([-4.9688e-01, -5.0067e-01, -5.2565e-01, -5.0780e-01, -1.3444e-01,
        -4.9776e-01, -5.0295e-01, -5.2860e-01, -5.1046e-01, -1.3149e-01,
         3.6744e-13,  5.1953e-13,  4.9337e-13,  3.8750e-13,  2.3858e-13,
         6.1301e-14,  1.0503e-13,  1.6198e-13,  1.9236e-13,  6.7045e-04]))])
31 | OrderedDict([('weights', tensor([-4.9459e-01, -4.9788e-01, -5.2344e-01, -5.0489e-01, -1.2640e-01,
        -4.9466e-01, -4.9955e-01, -5.2526e-01, -5.0656e-01, -1.2528e-01,
         1.6312e-13,  2.3214e-13,  2.1945e-13,  1.7161e-13,  1.0668e-13,
         2.7534e-14,  4.5955e-14,  7.0134e-14,  8.2200e-14,  6.5244e-04]))])
32 | OrderedDict([('weights', tensor([-4.9659e-01, -4.9989e-01, -5.2550e-01, -5.0705e-01, -1.2628e-01,
        -4.9698e-01, -5.0207e-01, -5.2735e-01, -5.0870e-01, -1.2856e-01,
         7.3004e-14,  1.0454e-13,  9.8417e-14,  7.6644e-14,  4.8074e-14,
         1.2459e-14,  2.0256e-14,  3.0590e-14,  3.5385e-14,  8.1108e-04]))])
33 | OrderedDict([('weights', tensor([-4.9402e-01, -4.9717e-01, -5.2295e-01, -5.0448e-01, -1.2032e-01,
        -4.9437e-01, -4.9976e-01, -5.2564e-01, -5.0733e-01, -1.2137e-01,
         3.1751e-14,  4.5697e-14,  4.2894e-14,  3.3296e-14,  2.1028e-14,
         5.4743e-15,  8.6921e-15,  1.3004e-14,  1.4872e-14,  7.0601e-04]))])
34 | OrderedDict([('weights', tensor([-4.9597e-01, -4.9909e-01, -5.2460e-01, -5.0626e-01, -1.1953e-01,
        -4.9621e-01, -5.0163e-01, -5.2686e-01, -5.0842e-01, -1.2343e-01,
         1.4093e-14,  2.0388e-14,  1.9082e-14,  1.4762e-14,  9.3866e-15,
         2.4548e-15,  3.8006e-15,  5.6315e-15,  6.3604e-15,  8.8325e-04]))])
35 | OrderedDict([('weights', tensor([-4.9408e-01, -4.9762e-01, -5.2273e-01, -5.0473e-01, -1.2075e-01,
        -4.9447e-01, -4.9965e-01, -5.2478e-01, -5.0642e-01, -1.2156e-01,
         6.3220e-15,  9.1924e-15,  8.5814e-15,  6.6170e-15,  4.2344e-15,
         1.1128e-15,  1.6773e-15,  2.4592e-15,  2.7420e-15,  8.8459e-04]))])
36 | OrderedDict([('weights', tensor([-5.0549e-01, -5.0859e-01, -5.3351e-01, -5.1570e-01, -1.3081e-01,
        -5.0556e-01, -5.1132e-01, -5.3627e-01, -5.1828e-01, -1.3185e-01,
         2.8355e-15,  4.1419e-15,  3.8573e-15,  2.9653e-15,  1.9088e-15,
         5.0370e-16,  7.3982e-16,  1.0727e-15,  1.1807e-15,  9.6402e-04]))])
37 | OrderedDict([('weights', tensor([-5.0069e-01, -5.0437e-01, -5.2903e-01, -5.1124e-01, -1.3699e-01,
        -5.0101e-01, -5.0627e-01, -5.3158e-01, -5.1350e-01, -1.3508e-01,
         1.2614e-15,  1.8503e-15,  1.7205e-15,  1.3195e-15,  8.5319e-16,
         2.2629e-16,  3.2415e-16,  4.6485e-16,  5.0556e-16,  7.2884e-04]))])
38 | OrderedDict([('weights', tensor([-5.0351e-01, -5.0706e-01, -5.3222e-01, -5.1437e-01, -1.3498e-01,
        -5.0372e-01, -5.0922e-01, -5.3421e-01, -5.1654e-01, -1.3289e-01,
         5.5958e-16,  8.2378e-16,  7.6378e-16,  5.8383e-16,  3.7978e-16,
         1.0090e-16,  1.4148e-16,  2.0070e-16,  2.1570e-16,  6.5112e-04]))])
39 | OrderedDict([('weights', tensor([-5.0179e-01, -5.0522e-01, -5.3044e-01, -5.1225e-01, -1.4156e-01,
        -5.0188e-01, -5.0678e-01, -5.3183e-01, -5.1398e-01, -1.4340e-01,
         2.4583e-16,  3.6311e-16,  3.3642e-16,  2.5670e-16,  1.6746e-16,
         4.4718e-17,  6.1264e-17,  8.6130e-17,  9.1540e-17,  6.6391e-04]))])
40 | OrderedDict([('weights', tensor([-4.9220e-01, -4.9531e-01, -5.2078e-01, -5.0260e-01, -1.2426e-01,
        -4.9245e-01, -4.9739e-01, -5.2283e-01, -5.0477e-01, -1.2616e-01,
         1.0960e-16,  1.6240e-16,  1.5007e-16,  1.1416e-16,  7.4881e-17,
         2.0023e-17,  2.6857e-17,  3.7342e-17,  3.9208e-17,  5.0180e-04]))])
41 | OrderedDict([('weights', tensor([-4.9271e-01, -4.9615e-01, -5.2157e-01, -5.0342e-01, -1.2132e-01,
        -4.9332e-01, -4.9850e-01, -5.2367e-01, -5.0527e-01, -1.2214e-01,
         4.8760e-17,  7.2464e-17,  6.6821e-17,  5.0694e-17,  3.3407e-17,
         8.9450e-18,  1.1750e-17,  1.6160e-17,  1.6769e-17,  6.4382e-04]))])
42 | OrderedDict([('weights', tensor([-4.8977e-01, -4.9309e-01, -5.1900e-01, -5.0041e-01, -1.1941e-01,
        -4.9036e-01, -4.9598e-01, -5.2139e-01, -5.0286e-01, -1.2173e-01,
         2.1559e-17,  3.2124e-17,  2.9583e-17,  2.2398e-17,  1.4806e-17,
         3.9756e-18,  5.1116e-18,  6.9597e-18,  7.1402e-18,  7.1060e-04]))])
43 | OrderedDict([('weights', tensor([-4.9542e-01, -4.9881e-01, -5.2453e-01, -5.0627e-01, -1.2357e-01,
        -4.9598e-01, -5.0145e-01, -5.2695e-01, -5.0858e-01, -1.2639e-01,
         9.6280e-18,  1.4382e-17,  1.3217e-17,  9.9811e-18,  6.6272e-18,
         1.7811e-18,  2.2445e-18,  3.0229e-18,  3.0646e-18,  8.1041e-04]))])
44 | OrderedDict([('weights', tensor([-4.9856e-01, -5.0175e-01, -5.2744e-01, -5.0913e-01, -1.3568e-01,
        -4.9899e-01, -5.0441e-01, -5.2933e-01, -5.1110e-01, -1.3892e-01,
         4.3740e-18,  6.5505e-18,  6.0103e-18,  4.5279e-18,  3.0181e-18,
         8.1209e-19,  1.0018e-18,  1.3342e-18,  1.3357e-18,  8.7393e-04]))])
45 | OrderedDict([('weights', tensor([-4.9847e-01, -5.0213e-01, -5.2654e-01, -5.0915e-01, -1.3247e-01,
        -4.9896e-01, -5.0464e-01, -5.2861e-01, -5.1119e-01, -1.3796e-01,
         1.9846e-18,  2.9787e-18,  2.7301e-18,  2.0528e-18,  1.3720e-18,
         3.6998e-19,  4.4641e-19,  5.8819e-19,  5.8163e-19,  8.2001e-04]))])
46 | OrderedDict([('weights', tensor([-5.0170e-01, -5.0490e-01, -5.2925e-01, -5.1198e-01, -1.2777e-01,
        -5.0152e-01, -5.0727e-01, -5.3155e-01, -5.1403e-01, -1.3129e-01,
         8.7533e-19,  1.3162e-18,  1.2055e-18,  9.0501e-19,  6.0587e-19,
         1.6371e-19,  1.9364e-19,  2.5265e-19,  2.4715e-19,  7.5770e-04]))])
47 | OrderedDict([('weights', tensor([-5.0184e-01, -5.0527e-01, -5.3005e-01, -5.1234e-01, -1.3203e-01,
        -5.0201e-01, -5.0788e-01, -5.3197e-01, -5.1520e-01, -1.3295e-01,
         3.8298e-19,  5.7690e-19,  5.2876e-19,  3.9678e-19,  2.6555e-19,
         7.2089e-20,  8.3466e-20,  1.0796e-19,  1.0454e-19,  7.7404e-04]))])
48 | OrderedDict([('weights', tensor([-4.9720e-01, -5.0041e-01, -5.2573e-01, -5.0749e-01, -1.2967e-01,
        -4.9718e-01, -5.0289e-01, -5.2780e-01, -5.1013e-01, -1.3520e-01,
         1.6844e-19,  2.5415e-19,  2.3282e-19,  1.7447e-19,  1.1696e-19,
         3.1801e-20,  3.6145e-20,  4.6342e-20,  4.4421e-20,  7.8799e-04]))])
49 | OrderedDict([('weights', tensor([-4.9580e-01, -4.9912e-01, -5.2412e-01, -5.0596e-01, -1.3037e-01,
        -4.9559e-01, -5.0141e-01, -5.2643e-01, -5.0862e-01, -1.3270e-01,
         7.5480e-20,  1.1406e-19,  1.0432e-19,  7.8019e-20,  5.2462e-20,
         1.4253e-20,  1.5915e-20,  2.0180e-20,  1.9123e-20,  7.1797e-04]))])
50 | OrderedDict([('weights', tensor([-4.9046e-01, -4.9370e-01, -5.1857e-01, -5.0023e-01, -1.1632e-01,
        -4.9014e-01, -4.9546e-01, -5.2067e-01, -5.0278e-01, -1.1976e-01,
         3.4452e-20,  5.2128e-20,  4.7538e-20,  3.5441e-20,  2.3951e-20,
         6.4825e-21,  7.1218e-21,  8.9162e-21,  8.3437e-21,  6.5238e-04]))])
51 | OrderedDict([('weights', tensor([-4.8976e-01, -4.9366e-01, -5.1783e-01, -5.0003e-01, -1.2268e-01,
        -4.8966e-01, -4.9512e-01, -5.1977e-01, -5.0193e-01, -1.3377e-01,
         1.5538e-20,  2.3543e-20,  2.1459e-20,  1.5978e-20,  1.0812e-20,
         2.9279e-21,  3.1557e-21,  3.9127e-21,  3.6214e-21,  8.9845e-04]))])
52 | OrderedDict([('weights', tensor([-5.0522e-01, -5.0860e-01, -5.3332e-01, -5.1535e-01, -1.4606e-01,
        -5.0495e-01, -5.1149e-01, -5.3644e-01, -5.1883e-01, -1.5353e-01,
         7.1171e-21,  1.0795e-20,  9.8280e-21,  7.3056e-21,  4.9533e-21,
         1.3401e-21,  1.4171e-21,  1.7371e-21,  1.5888e-21,  1.0577e-03]))])
53 | OrderedDict([('weights', tensor([-5.0871e-01, -5.1196e-01, -5.3671e-01, -5.1881e-01, -1.4412e-01,
        -5.0867e-01, -5.1469e-01, -5.3918e-01, -5.2159e-01, -1.4960e-01,
         3.1730e-21,  4.8180e-21,  4.3842e-21,  3.2552e-21,  2.2103e-21,
         5.9809e-22,  6.2145e-22,  7.5403e-22,  6.8225e-22,  8.2037e-04]))])
54 | OrderedDict([('weights', tensor([-5.0023e-01, -5.0375e-01, -5.2816e-01, -5.1025e-01, -1.3402e-01,
        -4.9997e-01, -5.0500e-01, -5.2945e-01, -5.1185e-01, -1.3558e-01,
         1.4156e-21,  2.1509e-21,  1.9546e-21,  1.4489e-21,  9.8582e-22,
         2.6639e-22,  2.7239e-22,  3.2694e-22,  2.9263e-22,  5.0871e-04]))])
55 | OrderedDict([('weights', tensor([-5.0722e-01, -5.1096e-01, -5.3605e-01, -5.1845e-01, -1.3542e-01,
        -5.0817e-01, -5.1359e-01, -5.3869e-01, -5.2059e-01, -1.3994e-01,
         6.3041e-22,  9.5892e-22,  8.7165e-22,  6.4575e-22,  4.3939e-22,
         1.1891e-22,  1.1932e-22,  1.4181e-22,  1.2562e-22,  7.2328e-04]))])
56 | OrderedDict([('weights', tensor([-5.1144e-01, -5.1518e-01, -5.3981e-01, -5.2232e-01, -1.4030e-01,
        -5.1195e-01, -5.1726e-01, -5.4192e-01, -5.2390e-01, -1.4173e-01,
         2.8382e-22,  4.3211e-22,  3.9268e-22,  2.9065e-22,  1.9792e-22,
         5.3554e-23,  5.2781e-23,  6.2064e-23,  5.4376e-23,  7.6120e-04]))])
57 | OrderedDict([('weights', tensor([-5.0711e-01, -5.1046e-01, -5.3529e-01, -5.1735e-01, -1.3646e-01,
        -5.0729e-01, -5.1193e-01, -5.3698e-01, -5.1874e-01, -1.4066e-01,
         1.2737e-22,  1.9409e-22,  1.7619e-22,  1.3020e-22,  8.8850e-23,
         2.3993e-23,  2.3282e-23,  2.7074e-23,  2.3461e-23,  6.1012e-04]))])
58 | OrderedDict([('weights', tensor([-4.8977e-01, -4.9388e-01, -5.1836e-01, -5.0089e-01, -1.2419e-01,
        -4.9067e-01, -4.9462e-01, -5.1996e-01, -5.0120e-01, -1.2827e-01,
         5.7285e-23,  8.7324e-23,  7.9139e-23,  5.8368e-23,  3.9917e-23,
         1.0745e-23,  1.0275e-23,  1.1816e-23,  1.0125e-23,  4.5058e-04]))])
59 | OrderedDict([('weights', tensor([-4.9769e-01, -5.0138e-01, -5.2627e-01, -5.0870e-01, -1.2619e-01,
        -4.9865e-01, -5.0346e-01, -5.2868e-01, -5.0998e-01, -1.2515e-01,
         2.5404e-23,  3.8755e-23,  3.5154e-23,  2.5928e-23,  1.7706e-23,
         4.7755e-24,  4.4804e-24,  5.1003e-24,  4.3267e-24,  6.4593e-04]))])
60 | OrderedDict([('weights', tensor([-5.0534e-01, -5.0872e-01, -5.3374e-01, -5.1593e-01, -1.3496e-01,
        -5.0569e-01, -5.1095e-01, -5.3584e-01, -5.1777e-01, -1.3444e-01,
         1.1134e-23,  1.6995e-23,  1.5413e-23,  1.1358e-23,  7.7595e-24,
         2.0914e-24,  1.9335e-24,  2.1789e-24,  1.8306e-24,  6.8219e-04]))])
61 | OrderedDict([('weights', tensor([-5.1239e-01, -5.1539e-01, -5.4045e-01, -5.2241e-01, -1.5118e-01,
        -5.1184e-01, -5.1679e-01, -5.4161e-01, -5.2371e-01, -1.5056e-01,
         5.0523e-24,  7.7170e-24,  6.9887e-24,  5.1402e-24,  3.5200e-24,
         9.4524e-25,  8.6140e-25,  9.5935e-25,  7.9692e-25,  7.0341e-04]))])
62 | OrderedDict([('weights', tensor([-5.0041e-01, -5.0406e-01, -5.2865e-01, -5.1090e-01, -1.4384e-01,
        -5.0057e-01, -5.0465e-01, -5.2952e-01, -5.1094e-01, -1.3908e-01,
         2.2420e-24,  3.4261e-24,  3.1058e-24,  2.2850e-24,  1.5620e-24,
         4.2027e-25,  3.7604e-25,  4.1475e-25,  3.4119e-25,  4.6424e-04]))])
63 | OrderedDict([('weights', tensor([-4.9704e-01, -5.0024e-01, -5.2489e-01, -5.0657e-01, -1.3684e-01,
        -4.9635e-01, -5.0102e-01, -5.2580e-01, -5.0742e-01, -1.3815e-01,
         9.9508e-25,  1.5215e-24,  1.3789e-24,  1.0139e-24,  6.9349e-25,
         1.8629e-25,  1.6423e-25,  1.7932e-25,  1.4607e-25,  5.5250e-04]))])
64 | OrderedDict([('weights', tensor([-4.9900e-01, -5.0214e-01, -5.2764e-01, -5.0883e-01, -1.3487e-01,
        -4.9839e-01, -5.0403e-01, -5.2912e-01, -5.1101e-01, -1.3809e-01,
         4.5021e-25,  6.8861e-25,  6.2351e-25,  4.5780e-25,  3.1356e-25,
         8.3965e-26,  7.2929e-26,  7.8741e-26,  6.3444e-26,  6.8741e-04]))])
65 | OrderedDict([('weights', tensor([-5.0707e-01, -5.1071e-01, -5.3542e-01, -5.1750e-01, -1.4202e-01,
        -5.0696e-01, -5.1296e-01, -5.3780e-01, -5.2023e-01, -1.3986e-01,
         2.0382e-25,  3.1190e-25,  2.8257e-25,  2.0744e-25,  1.4195e-25,
         3.8022e-26,  3.2434e-26,  3.4632e-26,  2.7602e-26,  7.5468e-04]))])
66 | OrderedDict([('weights', tensor([-5.1362e-01, -5.1653e-01, -5.4205e-01, -5.2376e-01, -1.4389e-01,
        -5.1319e-01, -5.1865e-01, -5.4395e-01, -5.2565e-01, -1.4460e-01,
         9.2070e-26,  1.4096e-25,  1.2764e-25,  9.3612e-26,  6.4105e-26,
         1.7134e-26,  1.4395e-26,  1.5208e-26,  1.1996e-26,  8.3764e-04]))])
67 | OrderedDict([('weights', tensor([-4.9064e-01, -4.9425e-01, -5.1944e-01, -5.0112e-01, -1.2793e-01,
        -4.9097e-01, -4.9449e-01, -5.1983e-01, -5.0129e-01, -1.2782e-01,
         4.1208e-26,  6.3108e-26,  5.7113e-26,  4.1840e-26,  2.8672e-26,
         7.6439e-27,  6.3326e-27,  6.6172e-27,  5.1648e-27,  3.7715e-04]))])
68 | OrderedDict([('weights', tensor([-5.0222e-01, -5.0535e-01, -5.3121e-01, -5.1277e-01, -1.4110e-01,
        -5.0245e-01, -5.0747e-01, -5.3303e-01, -5.1458e-01, -1.4537e-01,
         1.8358e-26,  2.8124e-26,  2.5434e-26,  1.8612e-26,  1.2767e-26,
         3.3944e-27,  2.7752e-27,  2.8709e-27,  2.2195e-27,  7.1805e-04]))])
69 | OrderedDict([('weights', tensor([-4.9772e-01, -5.0109e-01, -5.2635e-01, -5.0781e-01, -1.3493e-01,
        -4.9745e-01, -5.0163e-01, -5.2694e-01, -5.0836e-01, -1.3799e-01,
         8.0500e-27,  1.2335e-26,  1.1155e-26,  8.1589e-27,  5.5958e-27,
         1.4859e-27,  1.1984e-27,  1.2281e-27,  9.4087e-28,  5.0978e-04]))])
70 | OrderedDict([('weights', tensor([-4.9438e-01, -4.9805e-01, -5.2350e-01, -5.0521e-01, -1.2695e-01,
        -4.9482e-01, -4.9932e-01, -5.2490e-01, -5.0651e-01, -1.3204e-01,
         3.6220e-27,  5.5505e-27,  5.0147e-27,  3.6632e-27,  2.5152e-27,
         6.6548e-28,  5.2980e-28,  5.3700e-28,  4.0708e-28,  5.4781e-04]))])
71 | OrderedDict([('weights', tensor([-4.8381e-01, -4.8735e-01, -5.1256e-01, -4.9405e-01, -1.2635e-01,
        -4.8397e-01, -4.8813e-01, -5.1315e-01, -4.9419e-01, -1.3241e-01,
         1.6140e-27,  2.4735e-27,  2.2320e-27,  1.6284e-27,  1.1199e-27,
         2.9497e-28,  2.3214e-28,  2.3290e-28,  1.7484e-28,  5.6860e-04]))])
72 | OrderedDict([('weights', tensor([-4.9185e-01, -4.9523e-01, -5.2011e-01, -5.0188e-01, -1.4043e-01,
        -4.9189e-01, -4.9766e-01, -5.2224e-01, -5.0447e-01, -1.3759e-01,
         7.3115e-28,  1.1206e-27,  1.0116e-27,  7.3786e-28,  5.0695e-28,
         1.3336e-28,  1.0329e-28,  1.0247e-28,  7.6099e-29,  7.3361e-04]))])
73 | OrderedDict([('weights', tensor([-4.9641e-01, -4.9959e-01, -5.2490e-01, -5.0642e-01, -1.3163e-01,
        -4.9609e-01, -5.0187e-01, -5.2681e-01, -5.0902e-01, -1.3087e-01,
         3.2354e-28,  4.9606e-28,  4.4785e-28,  3.2653e-28,  2.2426e-28,
         5.8905e-29,  4.4979e-29,  4.4197e-29,  3.2527e-29,  7.9302e-04]))])
74 | OrderedDict([('weights', tensor([-4.9317e-01, -4.9672e-01, -5.2188e-01, -5.0396e-01, -1.2793e-01,
        -4.9372e-01, -4.9875e-01, -5.2389e-01, -5.0598e-01, -1.2912e-01,
         1.4603e-28,  2.2391e-28,  2.0192e-28,  1.4702e-28,  1.0112e-28,
         2.6437e-29,  1.9943e-29,  1.9376e-29,  1.4109e-29,  7.1645e-04]))])
75 | OrderedDict([('weights', tensor([-4.9736e-01, -5.0072e-01, -5.2644e-01, -5.0825e-01, -1.2700e-01,
        -4.9792e-01, -5.0341e-01, -5.2810e-01, -5.1046e-01, -1.2746e-01,
         6.6143e-29,  1.0142e-28,  9.1312e-29,  6.6364e-29,  4.5744e-29,
         1.1893e-29,  8.8723e-30,  8.5197e-30,  6.1352e-30,  7.0915e-04]))])
76 | OrderedDict([('weights', tensor([-5.0174e-01, -5.0526e-01, -5.3071e-01, -5.1276e-01, -1.3528e-01,
        -5.0237e-01, -5.0730e-01, -5.3248e-01, -5.1432e-01, -1.3731e-01,
         2.9899e-29,  4.5847e-29,  4.1257e-29,  2.9958e-29,  2.0654e-29,
         5.3525e-30,  3.9388e-30,  3.7422e-30,  2.6677e-30,  8.3746e-04]))])
77 | OrderedDict([('weights', tensor([-5.0494e-01, -5.0857e-01, -5.3313e-01, -5.1551e-01, -1.4379e-01,
        -5.0502e-01, -5.1083e-01, -5.3546e-01, -5.1784e-01, -1.4734e-01,
         1.3596e-29,  2.0853e-29,  1.8776e-29,  1.3635e-29,  9.3892e-30,
         2.4309e-30,  1.7610e-30,  1.6554e-30,  1.1684e-30,  8.5714e-04]))])
78 | OrderedDict([('weights', tensor([-4.9867e-01, -5.0204e-01, -5.2724e-01, -5.0900e-01, -1.3597e-01,
        -4.9854e-01, -5.0327e-01, -5.2871e-01, -5.1033e-01, -1.3509e-01,
         5.9498e-30,  9.1258e-30,  8.2175e-30,  5.9655e-30,  4.1059e-30,
         1.0616e-30,  7.5953e-31,  7.0735e-31,  4.9480e-31,  5.8071e-04]))])
79 | OrderedDict([('weights', tensor([-5.0312e-01, -5.0591e-01, -5.3155e-01, -5.1292e-01, -1.3001e-01,
        -5.0262e-01, -5.0823e-01, -5.3348e-01, -5.1547e-01, -1.3166e-01,
         2.6591e-30,  4.0788e-30,  3.6721e-30,  2.6640e-30,  1.8332e-30,
         4.7284e-31,  3.3391e-31,  3.0785e-31,  2.1334e-31,  8.1088e-04]))])
80 | OrderedDict([('weights', tensor([-4.9875e-01, -5.0247e-01, -5.2704e-01, -5.0912e-01, -1.3787e-01,
        -4.9913e-01, -5.0410e-01, -5.2928e-01, -5.1085e-01, -1.3874e-01,
         1.1958e-30,  1.8340e-30,  1.6511e-30,  1.1974e-30,  8.2349e-31,
         2.1194e-31,  1.4766e-31,  1.3469e-31,  9.2409e-32,  6.7752e-04]))])
81 | OrderedDict([('weights', tensor([-5.0076e-01, -5.0460e-01, -5.2940e-01, -5.1172e-01, -1.3965e-01,
        -5.0165e-01, -5.0625e-01, -5.3130e-01, -5.1299e-01, -1.4018e-01,
         5.3597e-31,  8.2196e-31,  7.3928e-31,  5.3558e-31,  3.6870e-31,
         9.4484e-32,  6.5116e-32,  5.8759e-32,  3.9905e-32,  6.4002e-04]))])
82 | OrderedDict([('weights', tensor([-4.9818e-01, -5.0181e-01, -5.2700e-01, -5.0889e-01, -1.4092e-01,
        -4.9889e-01, -5.0303e-01, -5.2845e-01, -5.0992e-01, -1.4455e-01,
         2.4405e-31,  3.7420e-31,  3.3612e-31,  2.4317e-31,  1.6767e-31,
         4.2744e-32,  2.9139e-32,  2.5996e-32,  1.7464e-32,  6.0328e-04]))])
83 | OrderedDict([('weights', tensor([-5.0710e-01, -5.1011e-01, -5.3570e-01, -5.1717e-01, -1.3659e-01,
        -5.0687e-01, -5.1241e-01, -5.3744e-01, -5.1937e-01, -1.4011e-01,
         1.0836e-31,  1.6614e-31,  1.4915e-31,  1.0782e-31,  7.4387e-32,
         1.8898e-32,  1.2744e-32,  1.1253e-32,  7.4864e-33,  6.9229e-04]))])
84 | OrderedDict([('weights', tensor([-5.0729e-01, -5.1050e-01, -5.3576e-01, -5.1770e-01, -1.3065e-01,
        -5.0737e-01, -5.1325e-01, -5.3777e-01, -5.2009e-01, -1.3622e-01,
         4.9036e-32,  7.5181e-32,  6.7419e-32,  4.8672e-32,  3.3620e-32,
         8.5007e-33,  5.6710e-33,  4.9519e-33,  3.2594e-33,  6.8990e-04]))])
85 | OrderedDict([('weights', tensor([-5.0137e-01, -5.0482e-01, -5.3004e-01, -5.1212e-01, -1.3204e-01,
        -5.0189e-01, -5.0687e-01, -5.3173e-01, -5.1359e-01, -1.3766e-01,
         2.2363e-32,  3.4274e-32,  3.0678e-32,  2.2106e-32,  1.5301e-32,
         3.8434e-33,  2.5405e-33,  2.1926e-33,  1.4271e-33,  6.1256e-04]))])
86 | OrderedDict([('weights', tensor([-5.0965e-01, -5.1338e-01, -5.3814e-01, -5.2032e-01, -1.4704e-01,
        -5.0965e-01, -5.1537e-01, -5.3983e-01, -5.2242e-01, -1.5127e-01,
         1.0307e-32,  1.5797e-32,  1.4139e-32,  1.0182e-32,  7.0444e-33,
         1.7645e-33,  1.1503e-33,  9.8182e-34,  6.3229e-34,  8.8245e-04]))])
87 | OrderedDict([('weights', tensor([-5.0858e-01, -5.1213e-01, -5.3777e-01, -5.1999e-01, -1.3180e-01,
        -5.0941e-01, -5.1483e-01, -5.3936e-01, -5.2182e-01, -1.3663e-01,
         4.6368e-33,  7.1049e-33,  6.3544e-33,  4.5716e-33,  3.1639e-33,
         7.8987e-34,  5.0917e-34,  4.3000e-34,  2.7418e-34,  6.7058e-04]))])
88 | OrderedDict([('weights', tensor([-5.0020e-01, -5.0366e-01, -5.2840e-01, -5.1084e-01, -1.2987e-01,
        -5.0063e-01, -5.0471e-01, -5.3016e-01, -5.1198e-01, -1.3071e-01,
         2.0794e-33,  3.1858e-33,  2.8496e-33,  2.0496e-33,  1.4171e-33,
         3.5323e-34,  2.2476e-34,  1.8778e-34,  1.1848e-34,  4.8121e-04]))])
89 | OrderedDict([('weights', tensor([-4.9086e-01, -4.9501e-01, -5.1961e-01, -5.0211e-01, -1.2889e-01,
        -4.9195e-01, -4.9651e-01, -5.2154e-01, -5.0336e-01, -1.2786e-01,
         9.3094e-34,  1.4260e-33,  1.2751e-33,  9.1652e-34,  6.3352e-34,
         1.5746e-34,  9.9022e-35,  8.1885e-35,  5.1163e-35,  5.0956e-04]))])
90 | OrderedDict([('weights', tensor([-4.9978e-01, -5.0294e-01, -5.2836e-01, -5.1000e-01, -1.3078e-01,
        -4.9947e-01, -5.0434e-01, -5.2993e-01, -5.1144e-01, -1.3126e-01,
         4.1910e-34,  6.4198e-34,  5.7379e-34,  4.1206e-34,  2.8488e-34,
         7.0569e-35,  4.3883e-35,  3.5898e-35,  2.2195e-35,  6.6817e-04]))])
91 | OrderedDict([('weights', tensor([-4.9978e-01, -5.0313e-01, -5.2810e-01, -5.0992e-01, -1.2625e-01,
        -4.9974e-01, -5.0447e-01, -5.2985e-01, -5.1143e-01, -1.2784e-01,
         1.8954e-34,  2.9035e-34,  2.5939e-34,  1.8613e-34,  1.2872e-34,
         3.1771e-35,  1.9536e-35,  1.5806e-35,  9.6685e-36,  6.9507e-04]))])
92 | OrderedDict([('weights', tensor([-4.9605e-01, -4.9940e-01, -5.2415e-01, -5.0600e-01, -1.2165e-01,
        -4.9551e-01, -5.0029e-01, -5.2516e-01, -5.0683e-01, -1.2406e-01,
         8.5120e-35,  1.3039e-34,  1.1648e-34,  8.3542e-35,  5.7754e-35,
         1.4216e-35,  8.6381e-36,  6.9159e-36,  4.1884e-36,  6.8209e-04]))])
93 | OrderedDict([('weights', tensor([-5.0619e-01, -5.0928e-01, -5.3436e-01, -5.1612e-01, -1.3076e-01,
        -5.0558e-01, -5.1114e-01, -5.3601e-01, -5.1788e-01, -1.3363e-01,
         3.8129e-35,  5.8412e-35,  5.2155e-35,  3.7376e-35,  2.5851e-35,
         6.3380e-36,  3.8127e-36,  3.0213e-36,  1.8117e-36,  8.2620e-04]))])
94 | OrderedDict([('weights', tensor([-5.0443e-01, -5.0777e-01, -5.3239e-01, -5.1453e-01, -1.3608e-01,
        -5.0410e-01, -5.0975e-01, -5.3425e-01, -5.1654e-01, -1.3574e-01,
         1.7657e-35,  2.7044e-35,  2.4124e-35,  1.7266e-35,  1.1951e-35,
         2.9152e-36,  1.7344e-36,  1.3582e-36,  8.0485e-37,  8.1082e-04]))])
95 | OrderedDict([('weights', tensor([-5.0377e-01, -5.0740e-01, -5.3211e-01, -5.1429e-01, -1.3504e-01,
        -5.0385e-01, -5.0863e-01, -5.3392e-01, -5.1584e-01, -1.3332e-01,
         8.0868e-36,  1.2386e-35,  1.1047e-35,  7.9021e-36,  5.4678e-36,
         1.3297e-36,  7.8134e-37,  6.0503e-37,  3.5467e-37,  7.3529e-04]))])
96 | OrderedDict([('weights', tensor([-5.0300e-01, -5.0678e-01, -5.3175e-01, -5.1409e-01, -1.3579e-01,
        -5.0380e-01, -5.0896e-01, -5.3429e-01, -5.1615e-01, -1.3488e-01,
         3.6023e-36,  5.5178e-36,  4.9267e-36,  3.5260e-36,  2.4339e-36,
         5.9248e-37,  3.4328e-37,  2.6332e-37,  1.5305e-37,  7.4717e-04]))])
97 | OrderedDict([('weights', tensor([-5.0458e-01, -5.0792e-01, -5.3331e-01, -5.1523e-01, -1.4146e-01,
        -5.0470e-01, -5.0908e-01, -5.3434e-01, -5.1625e-01, -1.3941e-01,
         1.5809e-36,  2.4217e-36,  2.1641e-36,  1.5495e-36,  1.0676e-36,
         2.5997e-37,  1.4879e-37,  1.1313e-37,  6.5232e-38,  6.9492e-04]))])
98 | OrderedDict([('weights', tensor([-5.1313e-01, -5.1611e-01, -5.4138e-01, -5.2324e-01, -1.4120e-01,
        -5.1262e-01, -5.1772e-01, -5.4321e-01, -5.2502e-01, -1.3824e-01,
         7.0709e-37,  1.0833e-36,  9.6830e-37,  6.9317e-37,  4.7723e-37,
         1.1601e-37,  6.5642e-38,  4.9389e-38,  2.8189e-38,  7.1428e-04]))])
99 | OrderedDict([('weights', tensor([-5.0901e-01, -5.1203e-01, -5.3701e-01, -5.1885e-01, -1.3899e-01,
        -5.0860e-01, -5.1361e-01, -5.3898e-01, -5.2105e-01, -1.3686e-01,
         3.2176e-37,  4.9293e-37,  4.4037e-37,  3.1499e-37,  2.1695e-37,
         5.2531e-38,  2.9420e-38,  2.1890e-38,  1.2357e-38,  6.5694e-04]))])
100 | OrderedDict([('weights', tensor([-5.0549e-01, -5.0916e-01, -5.3402e-01, -5.1615e-01, -1.4099e-01,
        -5.0597e-01, -5.1066e-01, -5.3551e-01, -5.1781e-01, -1.3978e-01,
         1.4380e-37,  2.2029e-37,  1.9690e-37,  1.4086e-37,  9.6885e-38,
         2.3438e-38,  1.2972e-38,  9.5556e-39,  5.3433e-39,  5.9148e-04]))])
101 | OrderedDict([('weights', tensor([-5.0239e-01, -5.0622e-01, -5.3075e-01, -5.1312e-01, -1.4296e-01,
        -5.0292e-01, -5.0817e-01, -5.3243e-01, -5.1490e-01, -1.4563e-01,
         6.5633e-38,  1.0054e-37,  8.9813e-38,  6.4205e-38,  4.4176e-38,
         1.0643e-38,  5.8335e-39,  4.2508e-39,  2.3526e-39,  7.1062e-04]))])
102 | OrderedDict([('weights', tensor([-4.9363e-01, -4.9732e-01, -5.2264e-01, -5.0444e-01, -1.3522e-01,
        -4.9430e-01, -4.9871e-01, -5.2363e-01, -5.0560e-01, -1.3869e-01,
         2.9408e-38,  4.5041e-38,  4.0221e-38,  2.8734e-38,  1.9773e-38,
         4.7493e-39,  2.5779e-39,  1.8595e-39,  1.0190e-39,  4.9454e-04]))])
103 | OrderedDict([('weights', tensor([-4.9225e-01, -4.9563e-01, -5.2141e-01, -5.0299e-01, -1.3350e-01,
        -4.9274e-01, -4.9738e-01, -5.2249e-01, -5.0430e-01, -1.3757e-01,
         1.3211e-38,  2.0231e-38,  1.8053e-38,  1.2884e-38,  8.8704e-39,
         2.1220e-39,  1.1416e-39,  8.1504e-40,  4.4210e-40,  5.5416e-04]))])
104 | OrderedDict([('weights', tensor([-4.9167e-01, -4.9494e-01, -5.2031e-01, -5.0191e-01, -1.3390e-01,
        -4.9158e-01, -4.9645e-01, -5.2162e-01, -5.0322e-01, -1.3590e-01,
         5.8193e-39,  8.9090e-39,  7.9468e-39,  5.6689e-39,  3.9024e-39,
         9.3096e-40,  4.9649e-40,  3.5116e-40,  1.8876e-40,  5.4270e-04]))])
105 | OrderedDict([('weights', tensor([-4.9276e-01, -4.9588e-01, -5.2129e-01, -5.0305e-01, -1.2416e-01,
        -4.9279e-01, -4.9814e-01, -5.2291e-01, -5.0469e-01, -1.2814e-01,
         2.5519e-39,  3.9065e-39,  3.4852e-39,  2.4861e-39,  1.7101e-39,
         4.0750e-40,  2.1521e-40,  1.5088e-40,  8.0444e-41,  6.3274e-04]))])
106 | OrderedDict([('weights', tensor([-4.8662e-01, -4.8964e-01, -5.1511e-01, -4.9649e-01, -1.1835e-01,
        -4.8631e-01, -4.9147e-01, -5.1656e-01, -4.9827e-01, -1.2050e-01,
         1.1353e-39,  1.7377e-39,  1.5486e-39,  1.1033e-39,  7.5986e-40,
         1.8020e-40,  9.4529e-41,  6.5603e-41,  3.4612e-41,  5.8927e-04]))])
107 | OrderedDict([('weights', tensor([-4.9094e-01, -4.9388e-01, -5.1903e-01, -5.0020e-01, -1.2698e-01,
        -4.9000e-01, -4.9566e-01, -5.2059e-01, -5.0238e-01, -1.2865e-01,
         5.1197e-40,  7.8343e-40,  6.9769e-40,  4.9658e-40,  3.4214e-40,
         8.0831e-41,  4.2019e-41,  2.8870e-41,  1.5081e-41,  7.9986e-04]))])
108 | OrderedDict([('weights', tensor([-4.9205e-01, -4.9508e-01, -5.2061e-01, -5.0162e-01, -1.2344e-01,
        -4.9140e-01, -4.9617e-01, -5.2165e-01, -5.0274e-01, -1.2313e-01,
         2.2559e-40,  3.4517e-40,  3.0731e-40,  2.1862e-40,  1.5062e-40,
         3.5493e-41,  1.8300e-41,  1.2455e-41,  6.4432e-42,  6.8097e-04]))])
109 | OrderedDict([('weights', tensor([-4.9507e-01, -4.9853e-01, -5.2376e-01, -5.0534e-01, -1.3308e-01,
        -4.9518e-01, -5.0047e-01, -5.2574e-01, -5.0732e-01, -1.3398e-01,
         9.8506e-41,  1.5074e-40,  1.3439e-40,  9.5707e-41,  6.5763e-41,
         1.5525e-41,  7.9075e-42,  5.3389e-42,  2.7409e-42,  7.5182e-04]))])
110 | OrderedDict([('weights', tensor([-4.8377e-01, -4.8751e-01, -5.1298e-01, -4.9460e-01, -1.2682e-01,
        -4.8452e-01, -4.8957e-01, -5.1516e-01, -4.9684e-01, -1.2640e-01,
         4.4331e-41,  6.7819e-41,  6.0392e-41,  4.2953e-41,  2.9548e-41,
         6.9392e-42,  3.5103e-42,  2.3458e-42,  1.1911e-42,  5.5508e-04]))])
111 | OrderedDict([('weights', tensor([-4.9253e-01, -4.9551e-01, -5.2032e-01, -5.0204e-01, -1.3398e-01,
        -4.9184e-01, -4.9820e-01, -5.2308e-01, -5.0509e-01, -1.3683e-01,
         1.9770e-41,  3.0243e-41,  2.6947e-41,  1.9168e-41,  1.3164e-41,
         3.0899e-42,  1.5470e-42,  1.0243e-42,  5.1568e-43,  8.3451e-04]))])
112 | OrderedDict([('weights', tensor([-5.0063e-01, -5.0347e-01, -5.2880e-01, -5.1047e-01, -1.3096e-01,
        -5.0000e-01, -5.0584e-01, -5.3102e-01, -5.1280e-01, -1.3045e-01,
         8.9067e-42,  1.3625e-41,  1.2139e-41,  8.6306e-42,  5.9261e-42,
         1.3887e-42,  6.8804e-43,  4.4982e-43,  2.2421e-43,  8.1690e-04]))])
113 | OrderedDict([('weights', tensor([-5.0555e-01, -5.0903e-01, -5.3373e-01, -5.1583e-01, -1.4037e-01,
        -5.0535e-01, -5.1089e-01, -5.3625e-01, -5.1815e-01, -1.4161e-01,
         4.0203e-42,  6.1517e-42,  5.4903e-42,  3.9082e-42,  2.6751e-42,
         6.2778e-43,  3.0548e-43,  1.9898e-43,  9.8091e-44,  9.2398e-04]))])
114 | OrderedDict([('weights', tensor([-5.0697e-01, -5.1050e-01, -5.3471e-01, -5.1709e-01, -1.3765e-01,
        -5.0673e-01, -5.1225e-01, -5.3688e-01, -5.1908e-01, -1.3782e-01,
         1.8077e-42,  2.7662e-42,  2.4705e-42,  1.7600e-42,  1.2037e-42,
         2.8166e-43,  1.3593e-43,  8.6881e-44,  4.3440e-44,  8.0751e-04]))])
115 | OrderedDict([('weights', tensor([-5.0251e-01, -5.0616e-01, -5.3044e-01, -5.1237e-01, -1.3485e-01,
        -5.0202e-01, -5.0746e-01, -5.3159e-01, -5.1448e-01, -1.3678e-01,
         7.9313e-43,  1.2149e-42,  1.0860e-42,  7.7492e-43,  5.2829e-43,
         1.2472e-43,  6.0256e-44,  3.7835e-44,  1.8217e-44,  6.9713e-04]))])
116 | OrderedDict([('weights', tensor([-5.0351e-01, -5.0711e-01, -5.3207e-01, -5.1412e-01, -1.3618e-01,
        -5.0401e-01, -5.0922e-01, -5.3389e-01, -5.1611e-01, -1.3836e-01,
         3.5733e-43,  5.4651e-43,  4.8765e-43,  3.4892e-43,  2.3822e-43,
         5.7453e-44,  2.6625e-44,  1.5414e-44,  8.4078e-45,  6.5525e-04]))])
117 | OrderedDict([('weights', tensor([-4.8539e-01, -4.8920e-01, -5.1374e-01, -4.9571e-01, -1.3019e-01,
        -4.8559e-01, -4.8975e-01, -5.1488e-01, -4.9676e-01, -1.3004e-01,
         1.5835e-43,  2.4383e-43,  2.1720e-43,  1.5695e-43,  1.0650e-43,
         2.6625e-44,  1.1210e-44,  5.6052e-45,  4.2039e-45,  4.0919e-04]))])
118 | OrderedDict([('weights', tensor([-4.8710e-01, -4.8976e-01, -5.1543e-01, -4.9654e-01, -1.1450e-01,
        -4.8636e-01, -4.9170e-01, -5.1704e-01, -4.9871e-01, -1.1532e-01,
         7.1466e-44,  1.0930e-43,  9.6690e-44,  7.0065e-44,  4.7644e-44,
         1.1210e-44,  5.6052e-45,  2.8026e-45,  1.4013e-45,  6.3464e-04]))])
119 | OrderedDict([('weights', tensor([-4.8857e-01, -4.9170e-01, -5.1716e-01, -4.9861e-01, -1.1911e-01,
        -4.8850e-01, -4.9372e-01, -5.1912e-01, -5.0069e-01, -1.1802e-01,
         3.0829e-44,  4.9045e-44,  4.3440e-44,  3.0829e-44,  2.1019e-44,
         5.6052e-45,  2.8026e-45,  1.4013e-45,  1.4013e-45,  6.7001e-04]))])
120 | OrderedDict([('weights', tensor([-5.0168e-01, -5.0447e-01, -5.3036e-01, -5.1169e-01, -1.2622e-01,
        -5.0114e-01, -5.0796e-01, -5.3280e-01, -5.1531e-01, -1.2820e-01,
         1.4013e-44,  2.1019e-44,  1.9618e-44,  1.4013e-44,  8.4078e-45,
         2.8026e-45,  1.4013e-45,  1.4013e-45,  1.4013e-45,  1.0187e-03]))])
121 | OrderedDict([('weights', tensor([-5.0397e-01, -5.0687e-01, -5.3230e-01, -5.1372e-01, -1.3317e-01,
        -5.0318e-01, -5.0887e-01, -5.3387e-01, -5.1595e-01, -1.3638e-01,
         7.0065e-45,  8.4078e-45,  8.4078e-45,  5.6052e-45,  4.2039e-45,
         1.4013e-45,  1.4013e-45,  1.4013e-45,  1.4013e-45,  8.8992e-04]))])
122 | OrderedDict([('weights', tensor([-5.0912e-01, -5.1211e-01, -5.3745e-01, -5.1900e-01, -1.3143e-01,
        -5.0861e-01, -5.1458e-01, -5.3886e-01, -5.2133e-01, -1.3163e-01,
         4.2039e-45,  4.2039e-45,  4.2039e-45,  2.8026e-45,  1.4013e-45,
         1.4013e-45,  1.4013e-45,  1.4013e-45,  1.4013e-45,  8.1569e-04]))])
123 | OrderedDict([('weights', tensor([-5.0681e-01, -5.0995e-01, -5.3532e-01, -5.1705e-01, -1.3465e-01,
        -5.0677e-01, -5.1240e-01, -5.3737e-01, -5.1967e-01, -1.3340e-01,
         1.4013e-45,  1.4013e-45,  1.4013e-45,  1.4013e-45,  1.4013e-45,
         1.4013e-45,  1.4013e-45,  1.4013e-45,  1.4013e-45,  7.3513e-04]))])
124 | OrderedDict([('weights', tensor([-5.0384e-01, -5.0733e-01, -5.3223e-01, -5.1438e-01, -1.2924e-01,
        -5.0416e-01, -5.0997e-01, -5.3465e-01, -5.1712e-01, -1.3014e-01,
         1.4013e-45,  1.4013e-45,  1.4013e-45,  1.4013e-45,  1.4013e-45,
         1.4013e-45,  1.4013e-45,  1.4013e-45,  1.4013e-45,  6.7388e-04]))])
125 | OrderedDict([('weights', tensor([-5.0115e-01, -5.0487e-01, -5.2947e-01, -5.1168e-01, -1.2983e-01,
        -5.0143e-01, -5.0669e-01, -5.3160e-01, -5.1378e-01, -1.3066e-01,
         1.4013e-45,  1.4013e-45,  1.4013e-45,  1.4013e-45,  1.4013e-45,
         1.4013e-45,  1.4013e-45,  1.4013e-45,  1.4013e-45,  6.5266e-04]))])
126 | OrderedDict([('weights', tensor([-5.0097e-01, -5.0478e-01, -5.2933e-01, -5.1158e-01, -1.3113e-01,
        -5.0136e-01, -5.0642e-01, -5.3110e-01, -5.1298e-01, -1.3322e-01,
         1.4013e-45,  1.4013e-45,  1.4013e-45,  1.4013e-45,  1.4013e-45,
         1.4013e-45,  1.4013e-45,  1.4013e-45,  1.4013e-45,  6.1955e-04]))])
127 | OrderedDict([('weights', tensor([-4.9516e-01, -4.9904e-01, -5.2366e-01, -5.0594e-01, -1.2550e-01,
        -4.9574e-01, -5.0086e-01, -5.2586e-01, -5.0788e-01, -1.2666e-01,
         1.4013e-45,  1.4013e-45,  1.4013e-45,  1.4013e-45,  1.4013e-45,
         1.4013e-45,  1.4013e-45,  1.4013e-45,  1.4013e-45,  5.2974e-04]))])
128 | OrderedDict([('weights', tensor([-4.9448e-01, -4.9860e-01, -5.2324e-01, -5.0536e-01, -1.3032e-01,
        -4.9520e-01, -5.0043e-01, -5.2563e-01, -5.0748e-01, -1.3440e-01,
         1.4013e-45,  1.4013e-45,  1.4013e-45,  1.4013e-45,  1.4013e-45,
         1.4013e-45,  1.4013e-45,  1.4013e-45,  1.4013e-45,  6.9012e-04]))])
129 | OrderedDict([('weights', tensor([-5.0136e-01, -5.0480e-01, -5.2972e-01, -5.1182e-01, -1.3110e-01,
        -5.0157e-01, -5.0735e-01, -5.3245e-01, -5.1448e-01, -1.2924e-01,
         1.4013e-45,  1.4013e-45,  1.4013e-45,  1.4013e-45,  1.4013e-45,
         1.4013e-45,  1.4013e-45,  1.4013e-45,  1.4013e-45,  7.1542e-04]))])
130 | OrderedDict([('weights', tensor([-5.0226e-01, -5.0600e-01, -5.3060e-01, -5.1298e-01, -1.3096e-01,
        -5.0285e-01, -5.0876e-01, -5.3379e-01, -5.1612e-01, -1.2912e-01,
         1.4013e-45,  1.4013e-45,  1.4013e-45,  1.4013e-45,  1.4013e-45,
         1.4013e-45,  1.4013e-45,  1.4013e-45,  1.4013e-45,  7.1391e-04]))])
131 | OrderedDict([('weights', tensor([-5.1194e-01, -5.1544e-01, -5.4026e-01, -5.2274e-01, -1.4113e-01,
        -5.1216e-01, -5.1771e-01, -5.4248e-01, -5.2505e-01, -1.4054e-01,
         1.4013e-45,  1.4013e-45,  1.4013e-45,  1.4013e-45,  1.4013e-45,
         1.4013e-45,  1.4013e-45,  1.4013e-45,  1.4013e-45,  8.5720e-04]))])
132 | OrderedDict([('weights', tensor([-4.9603e-01, -5.0013e-01, -5.2446e-01, -5.0680e-01, -1.2677e-01,
        -4.9649e-01, -5.0065e-01, -5.2512e-01, -5.0735e-01, -1.2685e-01,
         1.4013e-45,  1.4013e-45,  1.4013e-45,  1.4013e-45,  1.4013e-45,
         1.4013e-45,  1.4013e-45,  1.4013e-45,  1.4013e-45,  5.2408e-04]))])
133 | OrderedDict([('weights', tensor([-4.9189e-01, -4.9552e-01, -5.2077e-01, -5.0274e-01, -1.2569e-01,
        -4.9268e-01, -4.9743e-01, -5.2266e-01, -5.0455e-01, -1.2765e-01,
         1.4013e-45,  1.4013e-45,  1.4013e-45,  1.4013e-45,  1.4013e-45,
         1.4013e-45,  1.4013e-45,  1.4013e-45,  1.4013e-45,  6.0374e-04]))])
134 | OrderedDict([('weights', tensor([-4.9948e-01, -5.0258e-01, -5.2845e-01, -5.1020e-01, -1.2969e-01,
        -4.9999e-01, -5.0647e-01, -5.3135e-01, -5.1362e-01, -1.3792e-01,
         1.4013e-45,  1.4013e-45,  1.4013e-45,  1.4013e-45,  1.4013e-45,
         1.4013e-45,  1.4013e-45,  1.4013e-45,  1.4013e-45,  9.2981e-04]))])
135 | OrderedDict([('weights', tensor([-5.0431e-01, -5.0721e-01, -5.3273e-01, -5.1429e-01, -1.2762e-01,
        -5.0381e-01, -5.1008e-01, -5.3529e-01, -5.1715e-01, -1.3108e-01,
         1.4013e-45,  1.4013e-45,  1.4013e-45,  1.4013e-45,  1.4013e-45,
         1.4013e-45,  1.4013e-45,  1.4013e-45,  1.4013e-45,  8.5081e-04]))])
136 | OrderedDict([('weights', tensor([-4.9724e-01, -5.0039e-01, -5.2571e-01, -5.0742e-01, -1.1908e-01,
        -4.9690e-01, -5.0226e-01, -5.2766e-01, -5.0936e-01, -1.2312e-01,
         1.4013e-45,  1.4013e-45,  1.4013e-45,  1.4013e-45,  1.4013e-45,
         1.4013e-45,  1.4013e-45,  1.4013e-45,  1.4013e-45,  6.9096e-04]))])
137 | OrderedDict([('weights', tensor([-4.9362e-01, -4.9788e-01, -5.2189e-01, -5.0488e-01, -1.2368e-01,
        -4.9458e-01, -4.9908e-01, -5.2405e-01, -5.0557e-01, -1.2665e-01,
         1.4013e-45,  1.4013e-45,  1.4013e-45,  1.4013e-45,  1.4013e-45,
         1.4013e-45,  1.4013e-45,  1.4013e-45,  1.4013e-45,  7.6928e-04]))])
138 | OrderedDict([('weights', tensor([-4.8108e-01, -4.8594e-01, -5.1066e-01, -4.9319e-01, -1.1007e-01,
        -4.8286e-01, -4.8722e-01, -5.1229e-01, -4.9348e-01, -1.0970e-01,
         1.4013e-45,  1.4013e-45,  1.4013e-45,  1.4013e-45,  1.4013e-45,
         1.4013e-45,  1.4013e-45,  1.4013e-45,  1.4013e-45,  5.7882e-04]))])
139 | OrderedDict([('weights', tensor([-5.0364e-01, -5.0747e-01, -5.3263e-01, -5.1496e-01, -1.3211e-01,
        -5.0424e-01, -5.1061e-01, -5.3552e-01, -5.1719e-01, -1.3652e-01,
         1.4013e-45,  1.4013e-45,  1.4013e-45,  1.4013e-45,  1.4013e-45,
         1.4013e-45,  1.4013e-45,  1.4013e-45,  1.4013e-45,  1.2048e-03]))])
140 | OrderedDict([('weights', tensor([-4.9793e-01, -5.0180e-01, -5.2698e-01, -5.0902e-01, -1.3080e-01,
        -4.9864e-01, -5.0426e-01, -5.2950e-01, -5.1127e-01, -1.2885e-01,
         1.4013e-45,  1.4013e-45,  1.4013e-45,  1.4013e-45,  1.4013e-45,
         1.4013e-45,  1.4013e-45,  1.4013e-45,  1.4013e-45,  8.1282e-04]))])
141 | OrderedDict([('weights', tensor([-5.0781e-01, -5.1126e-01, -5.3620e-01, -5.1829e-01, -1.3870e-01,
        -5.0779e-01, -5.1347e-01, -5.3853e-01, -5.2023e-01, -1.4065e-01,
         1.4013e-45,  1.4013e-45,  1.4013e-45,  1.4013e-45,  1.4013e-45,
         1.4013e-45,  1.4013e-45,  1.4013e-45,  1.4013e-45,  9.8700e-04]))])
142 | OrderedDict([('weights', tensor([-5.0266e-01, -5.0595e-01, -5.3069e-01, -5.1255e-01, -1.2834e-01,
        -5.0220e-01, -5.0770e-01, -5.3287e-01, -5.1468e-01, -1.2935e-01,
         1.4013e-45,  1.4013e-45,  1.4013e-45,  1.4013e-45,  1.4013e-45,
         1.4013e-45,  1.4013e-45,  1.4013e-45,  1.4013e-45,  7.8404e-04]))])
143 | OrderedDict([('weights', tensor([-4.9826e-01, -5.0159e-01, -5.2664e-01, -5.0829e-01, -1.3608e-01,
        -4.9779e-01, -5.0257e-01, -5.2816e-01, -5.0970e-01, -1.3736e-01,
         1.4013e-45,  1.4013e-45,  1.4013e-45,  1.4013e-45,  1.4013e-45,
         1.4013e-45,  1.4013e-45,  1.4013e-45,  1.4013e-45,  6.4668e-04]))])
144 | OrderedDict([('weights', tensor([-4.8787e-01, -4.9177e-01, -5.1659e-01, -4.9866e-01, -1.3049e-01,
        -4.8856e-01, -4.9308e-01, -5.1847e-01, -5.0020e-01, -1.3106e-01,
         1.4013e-45,  1.4013e-45,  1.4013e-45,  1.4013e-45,  1.4013e-45,
         1.4013e-45,  1.4013e-45,  1.4013e-45,  1.4013e-45,  5.2324e-04]))])
145 | OrderedDict([('weights', tensor([-5.0495e-01, -5.0834e-01, -5.3356e-01, -5.1528e-01, -1.3207e-01,
        -5.0489e-01, -5.1172e-01, -5.3655e-01, -5.1882e-01, -1.3473e-01,
         1.4013e-45,  1.4013e-45,  1.4013e-45,  1.4013e-45,  1.4013e-45,
         1.4013e-45,  1.4013e-45,  1.4013e-45,  1.4013e-45,  9.5253e-04]))])
146 | OrderedDict([('weights', tensor([-4.9219e-01, -4.9593e-01, -5.2083e-01, -5.0288e-01, -1.2415e-01,
        -4.9272e-01, -4.9791e-01, -5.2246e-01, -5.0457e-01, -1.2444e-01,
         1.4013e-45,  1.4013e-45,  1.4013e-45,  1.4013e-45,  1.4013e-45,
         1.4013e-45,  1.4013e-45,  1.4013e-45,  1.4013e-45,  6.0858e-04]))])
147 | OrderedDict([('weights', tensor([-4.8773e-01, -4.9161e-01, -5.1667e-01, -4.9874e-01, -1.2053e-01,
        -4.8846e-01, -4.9307e-01, -5.1796e-01, -4.9968e-01, -1.2306e-01,
         1.4013e-45,  1.4013e-45,  1.4013e-45,  1.4013e-45,  1.4013e-45,
         1.4013e-45,  1.4013e-45,  1.4013e-45,  1.4013e-45,  5.7406e-04]))])
148 | OrderedDict([('weights', tensor([-4.8906e-01, -4.9255e-01, -5.1713e-01, -4.9938e-01, -1.2929e-01,
        -4.8916e-01, -4.9441e-01, -5.1944e-01, -5.0124e-01, -1.3026e-01,
         1.4013e-45,  1.4013e-45,  1.4013e-45,  1.4013e-45,  1.4013e-45,
         1.4013e-45,  1.4013e-45,  1.4013e-45,  1.4013e-45,  7.2370e-04]))])
149 | OrderedDict([('weights', tensor([-4.9645e-01, -4.9993e-01, -5.2531e-01, -5.0730e-01, -1.3183e-01,
        -4.9691e-01, -5.0202e-01, -5.2739e-01, -5.0898e-01, -1.3425e-01,
         1.4013e-45,  1.4013e-45,  1.4013e-45,  1.4013e-45,  1.4013e-45,
         1.4013e-45,  1.4013e-45,  1.4013e-45,  1.4013e-45,  8.5289e-04]))])
150 | OrderedDict([('weights', tensor([-4.9950e-01, -5.0306e-01, -5.2815e-01, -5.1042e-01, -1.3545e-01,
        -4.9998e-01, -5.0572e-01, -5.3082e-01, -5.1252e-01, -1.3749e-01,
         1.4013e-45,  1.4013e-45,  1.4013e-45,  1.4013e-45,  1.4013e-45,
         1.4013e-45,  1.4013e-45,  1.4013e-45,  1.4013e-45,  8.6652e-04]))])
151 | OrderedDict([('weights', tensor([-5.0047e-01, -5.0430e-01, -5.2931e-01, -5.1154e-01, -1.4155e-01,
        -5.0124e-01, -5.0639e-01, -5.3156e-01, -5.1311e-01, -1.4161e-01,
         1.4013e-45,  1.4013e-45,  1.4013e-45,  1.4013e-45,  1.4013e-45,
         1.4013e-45,  1.4013e-45,  1.4013e-45,  1.4013e-45,  7.6963e-04]))])
152 | OrderedDict([('weights', tensor([-5.0372e-01, -5.0665e-01, -5.3235e-01, -5.1396e-01, -1.3012e-01,
        -5.0365e-01, -5.0911e-01, -5.3389e-01, -5.1583e-01, -1.3152e-01,
         1.4013e-45,  1.4013e-45,  1.4013e-45,  1.4013e-45,  1.4013e-45,
         1.4013e-45,  1.4013e-45,  1.4013e-45,  1.4013e-45,  6.8123e-04]))])
153 | OrderedDict([('weights', tensor([-4.9362e-01, -4.9678e-01, -5.2280e-01, -5.0419e-01, -1.2443e-01,
        -4.9394e-01, -4.9817e-01, -5.2379e-01, -5.0514e-01, -1.2620e-01,
         1.4013e-45,  1.4013e-45,  1.4013e-45,  1.4013e-45,  1.4013e-45,
         1.4013e-45,  1.4013e-45,  1.4013e-45,  1.4013e-45,  5.3788e-04]))])
154 | OrderedDict([('weights', tensor([-5.0350e-01, -5.0674e-01, -5.3212e-01, -5.1380e-01, -1.3265e-01,
        -5.0338e-01, -5.0885e-01, -5.3410e-01, -5.1577e-01, -1.3494e-01,
         1.4013e-45,  1.4013e-45,  1.4013e-45,  1.4013e-45,  1.4013e-45,
         1.4013e-45,  1.4013e-45,  1.4013e-45,  1.4013e-45,  8.8407e-04]))])
155 | OrderedDict([('weights', tensor([-5.0460e-01, -5.0797e-01, -5.3311e-01, -5.1517e-01, -1.3539e-01,
        -5.0446e-01, -5.1012e-01, -5.3487e-01, -5.1694e-01, -1.3696e-01,
         1.4013e-45,  1.4013e-45,  1.4013e-45,  1.4013e-45,  1.4013e-45,
         1.4013e-45,  1.4013e-45,  1.4013e-45,  1.4013e-45,  8.2118e-04]))])
156 | OrderedDict([('weights', tensor([-4.9455e-01, -4.9829e-01, -5.2350e-01, -5.0555e-01, -1.3374e-01,
        -4.9531e-01, -5.0025e-01, -5.2521e-01, -5.0711e-01, -1.3336e-01,
         1.4013e-45,  1.4013e-45,  1.4013e-45,  1.4013e-45,  1.4013e-45,
         1.4013e-45,  1.4013e-45,  1.4013e-45,  1.4013e-45,  6.2301e-04]))])
157 | OrderedDict([('weights', tensor([-5.0653e-01, -5.0979e-01, -5.3559e-01, -5.1763e-01, -1.3788e-01,
        -5.0722e-01, -5.1321e-01, -5.3801e-01, -5.2009e-01, -1.3767e-01,
         1.4013e-45,  1.4013e-45,  1.4013e-45,  1.4013e-45,  1.4013e-45,
         1.4013e-45,  1.4013e-45,  1.4013e-45,  1.4013e-45,  7.7587e-04]))])
158 | OrderedDict([('weights', tensor([-4.9038e-01, -4.9421e-01, -5.1937e-01, -5.0149e-01, -1.3850e-01,
        -4.9138e-01, -4.9597e-01, -5.2134e-01, -5.0297e-01, -1.3782e-01,
         1.4013e-45,  1.4013e-45,  1.4013e-45,  1.4013e-45,  1.4013e-45,
         1.4013e-45,  1.4013e-45,  1.4013e-45,  1.4013e-45,  4.3314e-04]))])
159 | OrderedDict([('weights', tensor([-5.0614e-01, -5.0942e-01, -5.3451e-01, -5.1655e-01, -1.4183e-01,
        -5.0640e-01, -5.1205e-01, -5.3786e-01, -5.1953e-01, -1.3837e-01,
         1.4013e-45,  1.4013e-45,  1.4013e-45,  1.4013e-45,  1.4013e-45,
         1.4013e-45,  1.4013e-45,  1.4013e-45,  1.4013e-45,  7.2564e-04]))])
160 | OrderedDict([('weights', tensor([-5.0918e-01, -5.1222e-01, -5.3753e-01, -5.1973e-01, -1.4191e-01,
        -5.0919e-01, -5.1517e-01, -5.4042e-01, -5.2267e-01, -1.4079e-01,
         1.4013e-45,  1.4013e-45,  1.4013e-45,  1.4013e-45,  1.4013e-45,
         1.4013e-45,  1.4013e-45,  1.4013e-45,  1.4013e-45,  7.3524e-04]))])
161 | OrderedDict([('weights', tensor([-5.0254e-01, -5.0647e-01, -5.3083e-01, -5.1365e-01, -1.4177e-01,
        -5.0329e-01, -5.0769e-01, -5.3279e-01, -5.1471e-01, -1.4060e-01,
         1.4013e-45,  1.4013e-45,  1.4013e-45,  1.4013e-45,  1.4013e-45,
         1.4013e-45,  1.4013e-45,  1.4013e-45,  1.4013e-45,  5.2179e-04]))])
162 | OrderedDict([('weights', tensor([-5.0130e-01, -5.0520e-01, -5.2996e-01, -5.1255e-01, -1.3798e-01,
        -5.0206e-01, -5.0683e-01, -5.3196e-01, -5.1387e-01, -1.3542e-01,
         1.4013e-45,  1.4013e-45,  1.4013e-45,  1.4013e-45,  1.4013e-45,
         1.4013e-45,  1.4013e-45,  1.4013e-45,  1.4013e-45,  5.7146e-04]))])
163 | OrderedDict([('weights', tensor([-4.9266e-01, -4.9664e-01, -5.2165e-01, -5.0385e-01, -1.3209e-01,
        -4.9386e-01, -4.9835e-01, -5.2349e-01, -5.0503e-01, -1.3387e-01,
         1.4013e-45,  1.4013e-45,  1.4013e-45,  1.4013e-45,  1.4013e-45,
         1.4013e-45,  1.4013e-45,  1.4013e-45,  1.4013e-45,  4.8690e-04]))])
164 | OrderedDict([('weights', tensor([-4.9732e-01, -5.0069e-01, -5.2593e-01, -5.0765e-01, -1.3032e-01,
        -4.9733e-01, -5.0307e-01, -5.2800e-01, -5.0994e-01, -1.3169e-01,
         1.4013e-45,  1.4013e-45,  1.4013e-45,  1.4013e-45,  1.4013e-45,
         1.4013e-45,  1.4013e-45,  1.4013e-45,  1.4013e-45,  6.6571e-04]))])
165 | OrderedDict([('weights', tensor([-4.9759e-01, -5.0070e-01, -5.2663e-01, -5.0792e-01, -1.2750e-01,
        -4.9751e-01, -5.0257e-01, -5.2781e-01, -5.0936e-01, -1.3057e-01,
         1.4013e-45,  1.4013e-45,  1.4013e-45,  1.4013e-45,  1.4013e-45,
         1.4013e-45,  1.4013e-45,  1.4013e-45,  1.4013e-45,  6.6759e-04]))])
166 | OrderedDict([('weights', tensor([-4.9439e-01, -4.9735e-01, -5.2314e-01, -5.0457e-01, -1.2532e-01,
        -4.9382e-01, -4.9881e-01, -5.2421e-01, -5.0583e-01, -1.2697e-01,
         1.4013e-45,  1.4013e-45,  1.4013e-45,  1.4013e-45,  1.4013e-45,
         1.4013e-45,  1.4013e-45,  1.4013e-45,  1.4013e-45,  6.3400e-04]))])
167 | OrderedDict([('weights', tensor([-4.9428e-01, -4.9759e-01, -5.2334e-01, -5.0489e-01, -1.1948e-01,
        -4.9414e-01, -4.9982e-01, -5.2450e-01, -5.0643e-01, -1.2250e-01,
         1.4013e-45,  1.4013e-45,  1.4013e-45,  1.4013e-45,  1.4013e-45,
         1.4013e-45,  1.4013e-45,  1.4013e-45,  1.4013e-45,  7.4191e-04]))])
168 | OrderedDict([('weights', tensor([-4.9205e-01, -4.9562e-01, -5.2139e-01, -5.0302e-01, -1.1431e-01,
        -4.9269e-01, -4.9817e-01, -5.2374e-01, -5.0560e-01, -1.1894e-01,
         1.4013e-45,  1.4013e-45,  1.4013e-45,  1.4013e-45,  1.4013e-45,
         1.4013e-45,  1.4013e-45,  1.4013e-45,  1.4013e-45,  7.2447e-04]))])
169 | OrderedDict([('weights', tensor([-4.9631e-01, -4.9991e-01, -5.2452e-01, -5.0672e-01, -1.2793e-01,
        -4.9623e-01, -5.0172e-01, -5.2627e-01, -5.0877e-01, -1.3199e-01,
         1.4013e-45,  1.4013e-45,  1.4013e-45,  1.4013e-45,  1.4013e-45,
         1.4013e-45,  1.4013e-45,  1.4013e-45,  1.4013e-45,  8.7886e-04]))])
170 | OrderedDict([('weights', tensor([-5.0415e-01, -5.0766e-01, -5.3265e-01, -5.1475e-01, -1.3468e-01,
        -5.0426e-01, -5.1019e-01, -5.3514e-01, -5.1765e-01, -1.3829e-01,
         1.4013e-45,  1.4013e-45,  1.4013e-45,  1.4013e-45,  1.4013e-45,
         1.4013e-45,  1.4013e-45,  1.4013e-45,  1.4013e-45,  8.3988e-04]))])
171 | OrderedDict([('weights', tensor([-4.9725e-01, -5.0103e-01, -5.2633e-01, -5.0808e-01, -1.2924e-01,
        -4.9800e-01, -5.0299e-01, -5.2848e-01, -5.1029e-01, -1.3036e-01,
         1.4013e-45,  1.4013e-45,  1.4013e-45,  1.4013e-45,  1.4013e-45,
         1.4013e-45,  1.4013e-45,  1.4013e-45,  1.4013e-45,  6.1782e-04]))])
172 | OrderedDict([('weights', tensor([-4.9594e-01, -4.9911e-01, -5.2514e-01, -5.0633e-01, -1.3155e-01,
        -4.9586e-01, -5.0111e-01, -5.2661e-01, -5.0832e-01, -1.3349e-01,
         1.4013e-45,  1.4013e-45,  1.4013e-45,  1.4013e-45,  1.4013e-45,
         1.4013e-45,  1.4013e-45,  1.4013e-45,  1.4013e-45,  7.4516e-04]))])
173 | OrderedDict([('weights', tensor([-4.8760e-01, -4.9105e-01, -5.1662e-01, -4.9793e-01, -1.2926e-01,
        -4.8736e-01, -4.9238e-01, -5.1758e-01, -4.9943e-01, -1.3073e-01,
         1.4013e-45,  1.4013e-45,  1.4013e-45,  1.4013e-45,  1.4013e-45,
         1.4013e-45,  1.4013e-45,  1.4013e-45,  1.4013e-45,  6.3422e-04]))])
174 | OrderedDict([('weights', tensor([-5.0397e-01, -5.0706e-01, -5.3284e-01, -5.1432e-01, -1.4817e-01,
        -5.0340e-01, -5.0944e-01, -5.3414e-01, -5.1643e-01, -1.4478e-01,
         1.4013e-45,  1.4013e-45,  1.4013e-45,  1.4013e-45,  1.4013e-45,
         1.4013e-45,  1.4013e-45,  1.4013e-45,  1.4013e-45,  8.0169e-04]))])
175 | OrderedDict([('weights', tensor([-5.0171e-01, -5.0496e-01, -5.3054e-01, -5.1239e-01, -1.3362e-01,
        -5.0143e-01, -5.0720e-01, -5.3249e-01, -5.1466e-01, -1.3243e-01,
         1.4013e-45,  1.4013e-45,  1.4013e-45,  1.4013e-45,  1.4013e-45,
         1.4013e-45,  1.4013e-45,  1.4013e-45,  1.4013e-45,  6.5054e-04]))])
176 | OrderedDict([('weights', tensor([-4.9923e-01, -5.0243e-01, -5.2806e-01, -5.0954e-01, -1.2928e-01,
        -4.9896e-01, -5.0481e-01, -5.2970e-01, -5.1221e-01, -1.2767e-01,
         1.4013e-45,  1.4013e-45,  1.4013e-45,  1.4013e-45,  1.4013e-45,
         1.4013e-45,  1.4013e-45,  1.4013e-45,  1.4013e-45,  6.4198e-04]))])
177 | OrderedDict([('weights', tensor([-5.0137e-01, -5.0467e-01, -5.3040e-01, -5.1229e-01, -1.3082e-01,
        -5.0180e-01, -5.0760e-01, -5.3261e-01, -5.1493e-01, -1.3054e-01,
         1.4013e-45,  1.4013e-45,  1.4013e-45,  1.4013e-45,  1.4013e-45,
         1.4013e-45,  1.4013e-45,  1.4013e-45,  1.4013e-45,  7.0550e-04]))])
178 | OrderedDict([('weights', tensor([-5.1476e-01, -5.1762e-01, -5.4295e-01, -5.2484e-01, -1.4287e-01,
        -5.1442e-01, -5.2097e-01, -5.4604e-01, -5.2858e-01, -1.4541e-01,
         1.4013e-45,  1.4013e-45,  1.4013e-45,  1.4013e-45,  1.4013e-45,
         1.4013e-45,  1.4013e-45,  1.4013e-45,  1.4013e-45,  9.0930e-04]))])
179 | OrderedDict([('weights', tensor([-5.1562e-01, -5.1902e-01, -5.4438e-01, -5.2641e-01, -1.4161e-01,
        -5.1558e-01, -5.2133e-01, -5.4615e-01, -5.2865e-01, -1.4066e-01,
         1.4013e-45,  1.4013e-45,  1.4013e-45,  1.4013e-45,  1.4013e-45,
         1.4013e-45,  1.4013e-45,  1.4013e-45,  1.4013e-45,  7.2723e-04]))])
180 | OrderedDict([('weights', tensor([-5.0487e-01, -5.0863e-01, -5.3306e-01, -5.1571e-01, -1.3621e-01,
        -5.0528e-01, -5.1045e-01, -5.3486e-01, -5.1708e-01, -1.3918e-01,
         1.4013e-45,  1.4013e-45,  1.4013e-45,  1.4013e-45,  1.4013e-45,
         1.4013e-45,  1.4013e-45,  1.4013e-45,  1.4013e-45,  6.6166e-04]))])
181 | OrderedDict([('weights', tensor([-5.1405e-01, -5.1744e-01, -5.4278e-01, -5.2494e-01, -1.4161e-01,
        -5.1419e-01, -5.2002e-01, -5.4469e-01, -5.2703e-01, -1.4400e-01,
         1.4013e-45,  1.4013e-45,  1.4013e-45,  1.4013e-45,  1.4013e-45,
         1.4013e-45,  1.4013e-45,  1.4013e-45,  1.4013e-45,  7.5389e-04]))])
182 | OrderedDict([('weights', tensor([-5.0326e-01, -5.0648e-01, -5.3160e-01, -5.1362e-01, -1.3093e-01,
        -5.0332e-01, -5.0770e-01, -5.3297e-01, -5.1501e-01, -1.3503e-01,
         1.4013e-45,  1.4013e-45,  1.4013e-45,  1.4013e-45,  1.4013e-45,
         1.4013e-45,  1.4013e-45,  1.4013e-45,  1.4013e-45,  5.7926e-04]))])
183 | OrderedDict([('weights', tensor([-5.1217e-01, -5.1488e-01, -5.4028e-01, -5.2184e-01, -1.3067e-01,
        -5.1136e-01, -5.1653e-01, -5.4185e-01, -5.2416e-01, -1.3182e-01,
         1.4013e-45,  1.4013e-45,  1.4013e-45,  1.4013e-45,  1.4013e-45,
         1.4013e-45,  1.4013e-45,  1.4013e-45,  1.4013e-45,  7.4362e-04]))])
184 | OrderedDict([('weights', tensor([-5.0761e-01, -5.1039e-01, -5.3565e-01, -5.1709e-01, -1.3094e-01,
        -5.0661e-01, -5.1182e-01, -5.3679e-01, -5.1915e-01, -1.3313e-01,
         1.4013e-45,  1.4013e-45,  1.4013e-45,  1.4013e-45,  1.4013e-45,
         1.4013e-45,  1.4013e-45,  1.4013e-45,  1.4013e-45,  6.7414e-04]))])
185 | OrderedDict([('weights', tensor([-5.0018e-01, -5.0361e-01, -5.2882e-01, -5.1049e-01, -1.3162e-01,
        -5.0003e-01, -5.0488e-01, -5.3036e-01, -5.1226e-01, -1.3066e-01,
         1.4013e-45,  1.4013e-45,  1.4013e-45,  1.4013e-45,  1.4013e-45,
         1.4013e-45,  1.4013e-45,  1.4013e-45,  1.4013e-45,  5.5879e-04]))])
186 | OrderedDict([('weights', tensor([-4.9343e-01, -4.9688e-01, -5.2222e-01, -5.0377e-01, -1.2674e-01,
        -4.9327e-01, -4.9829e-01, -5.2369e-01, -5.0577e-01, -1.2838e-01,
         1.4013e-45,  1.4013e-45,  1.4013e-45,  1.4013e-45,  1.4013e-45,
         1.4013e-45,  1.4013e-45,  1.4013e-45,  1.4013e-45,  5.9618e-04]))])
187 | OrderedDict([('weights', tensor([-5.0106e-01, -5.0442e-01, -5.2988e-01, -5.1166e-01, -1.3136e-01,
        -5.0133e-01, -5.0660e-01, -5.3178e-01, -5.1365e-01, -1.3290e-01,
         1.4013e-45,  1.4013e-45,  1.4013e-45,  1.4013e-45,  1.4013e-45,
         1.4013e-45,  1.4013e-45,  1.4013e-45,  1.4013e-45,  7.8703e-04]))])
188 | OrderedDict([('weights', tensor([-4.9307e-01, -4.9683e-01, -5.2176e-01, -5.0389e-01, -1.3162e-01,
        -4.9375e-01, -4.9891e-01, -5.2397e-01, -5.0578e-01, -1.2925e-01,
         1.4013e-45,  1.4013e-45,  1.4013e-45,  1.4013e-45,  1.4013e-45,
         1.4013e-45,  1.4013e-45,  1.4013e-45,  1.4013e-45,  5.8771e-04]))])
189 | OrderedDict([('weights', tensor([-5.0544e-01, -5.0887e-01, -5.3399e-01, -5.1623e-01, -1.3111e-01,
        -5.0581e-01, -5.1164e-01, -5.3675e-01, -5.1839e-01, -1.3178e-01,
         1.4013e-45,  1.4013e-45,  1.4013e-45,  1.4013e-45,  1.4013e-45,
         1.4013e-45,  1.4013e-45,  1.4013e-45,  1.4013e-45,  7.9647e-04]))])
190 | OrderedDict([('weights', tensor([-5.0863e-01, -5.1210e-01, -5.3705e-01, -5.1952e-01, -1.4442e-01,
        -5.0923e-01, -5.1526e-01, -5.3960e-01, -5.2189e-01, -1.4461e-01,
         1.4013e-45,  1.4013e-45,  1.4013e-45,  1.4013e-45,  1.4013e-45,
         1.4013e-45,  1.4013e-45,  1.4013e-45,  1.4013e-45,  8.0545e-04]))])
191 | OrderedDict([('weights', tensor([-5.1144e-01, -5.1545e-01, -5.3982e-01, -5.2270e-01, -1.4224e-01,
        -5.1213e-01, -5.1785e-01, -5.4203e-01, -5.2448e-01, -1.3985e-01,
         1.4013e-45,  1.4013e-45,  1.4013e-45,  1.4013e-45,  1.4013e-45,
         1.4013e-45,  1.4013e-45,  1.4013e-45,  1.4013e-45,  7.0722e-04]))])
192 | OrderedDict([('weights', tensor([-5.0206e-01, -5.0583e-01, -5.3076e-01, -5.1344e-01, -1.2870e-01,
        -5.0298e-01, -5.0794e-01, -5.3247e-01, -5.1449e-01, -1.2661e-01,
         1.4013e-45,  1.4013e-45,  1.4013e-45,  1.4013e-45,  1.4013e-45,
         1.4013e-45,  1.4013e-45,  1.4013e-45,  1.4013e-45,  5.1643e-04]))])
193 | OrderedDict([('weights', tensor([-5.0519e-01, -5.0872e-01, -5.3377e-01, -5.1618e-01, -1.2426e-01,
        -5.0598e-01, -5.1254e-01, -5.3698e-01, -5.1993e-01, -1.2126e-01,
         1.4013e-45,  1.4013e-45,  1.4013e-45,  1.4013e-45,  1.4013e-45,
         1.4013e-45,  1.4013e-45,  1.4013e-45,  1.4013e-45,  7.1672e-04]))])
194 | OrderedDict([('weights', tensor([-5.0431e-01, -5.0852e-01, -5.3339e-01, -5.1584e-01, -1.3352e-01,
        -5.0571e-01, -5.1095e-01, -5.3609e-01, -5.1840e-01, -1.3270e-01,
         1.4013e-45,  1.4013e-45,  1.4013e-45,  1.4013e-45,  1.4013e-45,
         1.4013e-45,  1.4013e-45,  1.4013e-45,  1.4013e-45,  7.0217e-04]))])
195 | OrderedDict([('weights', tensor([-4.9318e-01, -4.9710e-01, -5.2189e-01, -5.0404e-01, -1.3259e-01,
        -4.9387e-01, -4.9836e-01, -5.2394e-01, -5.0551e-01, -1.2887e-01,
         1.4013e-45,  1.4013e-45,  1.4013e-45,  1.4013e-45,  1.4013e-45,
         1.4013e-45,  1.4013e-45,  1.4013e-45,  1.4013e-45,  4.9777e-04]))])
196 | OrderedDict([('weights', tensor([-4.8931e-01, -4.9361e-01, -5.1810e-01, -5.0011e-01, -1.3018e-01,
        -4.8986e-01, -4.9399e-01, -5.2002e-01, -5.0123e-01, -1.2677e-01,
         1.4013e-45,  1.4013e-45,  1.4013e-45,  1.4013e-45,  1.4013e-45,
         1.4013e-45,  1.4013e-45,  1.4013e-45,  1.4013e-45,  5.7179e-04]))])
197 | OrderedDict([('weights', tensor([-4.9270e-01, -4.9634e-01, -5.2137e-01, -5.0301e-01, -1.1734e-01,
        -4.9308e-01, -4.9808e-01, -5.2360e-01, -5.0523e-01, -1.1855e-01,
         1.4013e-45,  1.4013e-45,  1.4013e-45,  1.4013e-45,  1.4013e-45,
         1.4013e-45,  1.4013e-45,  1.4013e-45,  1.4013e-45,  7.1105e-04]))])
198 | OrderedDict([('weights', tensor([-5.0693e-01, -5.1029e-01, -5.3539e-01, -5.1738e-01, -1.3060e-01,
        -5.0709e-01, -5.1326e-01, -5.3868e-01, -5.2111e-01, -1.3400e-01,
         1.4013e-45,  1.4013e-45,  1.4013e-45,  1.4013e-45,  1.4013e-45,
         1.4013e-45,  1.4013e-45,  1.4013e-45,  1.4013e-45,  9.4049e-04]))])
199 | OrderedDict([('weights', tensor([-5.0718e-01, -5.1055e-01, -5.3567e-01, -5.1758e-01, -1.3423e-01,
        -5.0706e-01, -5.1240e-01, -5.3821e-01, -5.2002e-01, -1.3904e-01,
         1.4013e-45,  1.4013e-45,  1.4013e-45,  1.4013e-45,  1.4013e-45,
         1.4013e-45,  1.4013e-45,  1.4013e-45,  1.4013e-45,  8.0264e-04]))])
200 | OrderedDict([('weights', tensor([-5.0254e-01, -5.0625e-01, -5.3096e-01, -5.1348e-01, -1.3580e-01,
        -5.0296e-01, -5.0757e-01, -5.3284e-01, -5.1482e-01, -1.3885e-01,
         1.4013e-45,  1.4013e-45,  1.4013e-45,  1.4013e-45,  1.4013e-45,
         1.4013e-45,  1.4013e-45,  1.4013e-45,  1.4013e-45,  6.1320e-04]))])
201 | OrderedDict([('weights', tensor([-5.0725e-01, -5.1071e-01, -5.3560e-01, -5.1765e-01, -1.3411e-01,
        -5.0705e-01, -5.1194e-01, -5.3700e-01, -5.1901e-01, -1.3749e-01,
         1.4013e-45,  1.4013e-45,  1.4013e-45,  1.4013e-45,  1.4013e-45,
         1.4013e-45,  1.4013e-45,  1.4013e-45,  1.4013e-45,  6.7944e-04]))])
202 | OrderedDict([('weights', tensor([-5.1596e-01, -5.1896e-01, -5.4424e-01, -5.2621e-01, -1.3612e-01,
        -5.1587e-01, -5.2144e-01, -5.4587e-01, -5.2859e-01, -1.3827e-01,
         1.4013e-45,  1.4013e-45,  1.4013e-45,  1.4013e-45,  1.4013e-45,
         1.4013e-45,  1.4013e-45,  1.4013e-45,  1.4013e-45,  8.1389e-04]))])
203 | OrderedDict([('weights', tensor([-5.0397e-01, -5.0745e-01, -5.3223e-01, -5.1428e-01, -1.3158e-01,
        -5.0389e-01, -5.0801e-01, -5.3306e-01, -5.1527e-01, -1.3203e-01,
         1.4013e-45,  1.4013e-45,  1.4013e-45,  1.4013e-45,  1.4013e-45,
         1.4013e-45,  1.4013e-45,  1.4013e-45,  1.4013e-45,  5.4650e-04]))])
204 | OrderedDict([('weights', tensor([-4.9770e-01, -5.0158e-01, -5.2657e-01, -5.0858e-01, -1.2121e-01,
        -4.9832e-01, -5.0278e-01, -5.2775e-01, -5.0999e-01, -1.1789e-01,
         1.4013e-45,  1.4013e-45,  1.4013e-45,  1.4013e-45,  1.4013e-45,
         1.4013e-45,  1.4013e-45,  1.4013e-45,  1.4013e-45,  4.9835e-04]))])
205 | OrderedDict([('weights', tensor([-4.9787e-01, -5.0210e-01, -5.2665e-01, -5.0920e-01, -1.2448e-01,
        -4.9882e-01, -5.0359e-01, -5.2885e-01, -5.1064e-01, -1.2206e-01,
         1.4013e-45,  1.4013e-45,  1.4013e-45,  1.4013e-45,  1.4013e-45,
         1.4013e-45,  1.4013e-45,  1.4013e-45,  1.4013e-45,  7.1287e-04]))])
206 | OrderedDict([('weights', tensor([-4.9459e-01, -4.9867e-01, -5.2370e-01, -5.0590e-01, -1.3097e-01,
        -4.9553e-01, -4.9983e-01, -5.2538e-01, -5.0686e-01, -1.2822e-01,
         1.4013e-45,  1.4013e-45,  1.4013e-45,  1.4013e-45,  1.4013e-45,
         1.4013e-45,  1.4013e-45,  1.4013e-45,  1.4013e-45,  6.4196e-04]))])
207 | OrderedDict([('weights', tensor([-4.9770e-01, -5.0138e-01, -5.2682e-01, -5.0888e-01, -1.3976e-01,
        -4.9836e-01, -5.0328e-01, -5.2892e-01, -5.1039e-01, -1.3765e-01,
         1.4013e-45,  1.4013e-45,  1.4013e-45,  1.4013e-45,  1.4013e-45,
         1.4013e-45,  1.4013e-45,  1.4013e-45,  1.4013e-45,  7.1718e-04]))])
208 | OrderedDict([('weights', tensor([-4.9363e-01, -4.9781e-01, -5.2281e-01, -5.0511e-01, -1.2833e-01,
        -4.9482e-01, -4.9937e-01, -5.2482e-01, -5.0628e-01, -1.3284e-01,
         1.4013e-45,  1.4013e-45,  1.4013e-45,  1.4013e-45,  1.4013e-45,
         1.4013e-45,  1.4013e-45,  1.4013e-45,  1.4013e-45,  7.2935e-04]))])
209 | OrderedDict([('weights', tensor([-5.0266e-01, -5.0602e-01, -5.3115e-01, -5.1307e-01, -1.3748e-01,
        -5.0300e-01, -5.0807e-01, -5.3329e-01, -5.1526e-01, -1.3852e-01,
         1.4013e-45,  1.4013e-45,  1.4013e-45,  1.4013e-45,  1.4013e-45,
         1.4013e-45,  1.4013e-45,  1.4013e-45,  1.4013e-45,  7.7308e-04]))])
210 | OrderedDict([('weights', tensor([-5.0529e-01, -5.0862e-01, -5.3409e-01, -5.1570e-01, -1.3784e-01,
        -5.0533e-01, -5.1046e-01, -5.3579e-01, -5.1766e-01, -1.3941e-01,
         1.4013e-45,  1.4013e-45,  1.4013e-45,  1.4013e-45,  1.4013e-45,
         1.4013e-45,  1.4013e-45,  1.4013e-45,  1.4013e-45,  7.2013e-04]))])
211 | OrderedDict([('weights', tensor([-5.0458e-01, -5.0788e-01, -5.3365e-01, -5.1528e-01, -1.3126e-01,
        -5.0484e-01, -5.0992e-01, -5.3527e-01, -5.1706e-01, -1.3432e-01,
         1.4013e-45,  1.4013e-45,  1.4013e-45,  1.4013e-45,  1.4013e-45,
         1.4013e-45,  1.4013e-45,  1.4013e-45,  1.4013e-45,  5.9388e-04]))])
212 | OrderedDict([('weights', tensor([-5.0885e-01, -5.1208e-01, -5.3740e-01, -5.1893e-01, -1.3060e-01,
        -5.0834e-01, -5.1436e-01, -5.3931e-01, -5.2145e-01, -1.3729e-01,
         1.4013e-45,  1.4013e-45,  1.4013e-45,  1.4013e-45,  1.4013e-45,
         1.4013e-45,  1.4013e-45,  1.4013e-45,  1.4013e-45,  8.1184e-04]))])
213 | OrderedDict([('weights', tensor([-5.0164e-01, -5.0541e-01, -5.3017e-01, -5.1247e-01, -1.3474e-01,
        -5.0172e-01, -5.0649e-01, -5.3156e-01, -5.1362e-01, -1.4265e-01,
         1.4013e-45,  1.4013e-45,  1.4013e-45,  1.4013e-45,  1.4013e-45,
         1.4013e-45,  1.4013e-45,  1.4013e-45,  1.4013e-45,  7.5219e-04]))])
214 | OrderedDict([('weights', tensor([-5.0079e-01, -5.0453e-01, -5.2923e-01, -5.1155e-01, -1.3904e-01,
        -5.0125e-01, -5.0632e-01, -5.3158e-01, -5.1370e-01, -1.4201e-01,
         1.4013e-45,  1.4013e-45,  1.4013e-45,  1.4013e-45,  1.4013e-45,
         1.4013e-45,  1.4013e-45,  1.4013e-45,  1.4013e-45,  6.9173e-04]))])
215 | OrderedDict([('weights', tensor([-4.9630e-01, -5.0031e-01, -5.2490e-01, -5.0738e-01, -1.3387e-01,
        -4.9708e-01, -5.0146e-01, -5.2703e-01, -5.0873e-01, -1.3485e-01,
         1.4013e-45,  1.4013e-45,  1.4013e-45,  1.4013e-45,  1.4013e-45,
         1.4013e-45,  1.4013e-45,  1.4013e-45,  1.4013e-45,  5.4911e-04]))])
216 | OrderedDict([('weights', tensor([-5.0584e-01, -5.0932e-01, -5.3398e-01, -5.1634e-01, -1.3655e-01,
        -5.0594e-01, -5.1193e-01, -5.3701e-01, -5.1962e-01, -1.3751e-01,
         1.4013e-45,  1.4013e-45,  1.4013e-45,  1.4013e-45,  1.4013e-45,
         1.4013e-45,  1.4013e-45,  1.4013e-45,  1.4013e-45,  7.9852e-04]))])
217 | OrderedDict([('weights', tensor([-5.0831e-01, -5.1210e-01, -5.3674e-01, -5.1956e-01, -1.4800e-01,
        -5.0919e-01, -5.1448e-01, -5.3946e-01, -5.2213e-01, -1.4552e-01,
         1.4013e-45,  1.4013e-45,  1.4013e-45,  1.4013e-45,  1.4013e-45,
         1.4013e-45,  1.4013e-45,  1.4013e-45,  1.4013e-45,  6.9569e-04]))])
218 | OrderedDict([('weights', tensor([-5.0099e-01, -5.0482e-01, -5.2937e-01, -5.1195e-01, -1.3173e-01,
        -5.0169e-01, -5.0678e-01, -5.3182e-01, -5.1417e-01, -1.3019e-01,
         1.4013e-45,  1.4013e-45,  1.4013e-45,  1.4013e-45,  1.4013e-45,
         1.4013e-45,  1.4013e-45,  1.4013e-45,  1.4013e-45,  5.0349e-04]))])
219 | OrderedDict([('weights', tensor([-4.9948e-01, -5.0306e-01, -5.2787e-01, -5.1022e-01, -1.3636e-01,
        -4.9965e-01, -5.0548e-01, -5.3059e-01, -5.1266e-01, -1.3911e-01,
         1.4013e-45,  1.4013e-45,  1.4013e-45,  1.4013e-45,  1.4013e-45,
         1.4013e-45,  1.4013e-45,  1.4013e-45,  1.4013e-45,  7.2024e-04]))])
220 | OrderedDict([('weights', tensor([-4.9925e-01, -5.0276e-01, -5.2720e-01, -5.0957e-01, -1.3627e-01,
        -4.9913e-01, -5.0481e-01, -5.2971e-01, -5.1178e-01, -1.4167e-01,
         1.4013e-45,  1.4013e-45,  1.4013e-45,  1.4013e-45,  1.4013e-45,
         1.4013e-45,  1.4013e-45,  1.4013e-45,  1.4013e-45,  7.1423e-04]))])
221 | OrderedDict([('weights', tensor([-5.0067e-01, -5.0385e-01, -5.2888e-01, -5.1093e-01, -1.2453e-01,
        -5.0067e-01, -5.0664e-01, -5.3175e-01, -5.1396e-01, -1.2494e-01,
         1.4013e-45,  1.4013e-45,  1.4013e-45,  1.4013e-45,  1.4013e-45,
         1.4013e-45,  1.4013e-45,  1.4013e-45,  1.4013e-45,  6.3959e-04]))])
222 | OrderedDict([('weights', tensor([-4.9908e-01, -5.0201e-01, -5.2678e-01, -5.0860e-01, -1.2947e-01,
        -4.9843e-01, -5.0350e-01, -5.2840e-01, -5.1029e-01, -1.2962e-01,
         1.4013e-45,  1.4013e-45,  1.4013e-45,  1.4013e-45,  1.4013e-45,
         1.4013e-45,  1.4013e-45,  1.4013e-45,  1.4013e-45,  6.7438e-04]))])
223 | OrderedDict([('weights', tensor([-5.0296e-01, -5.0617e-01, -5.3079e-01, -5.1230e-01, -1.3181e-01,
        -5.0199e-01, -5.0749e-01, -5.3231e-01, -5.1466e-01, -1.3021e-01,
         1.4013e-45,  1.4013e-45,  1.4013e-45,  1.4013e-45,  1.4013e-45,
         1.4013e-45,  1.4013e-45,  1.4013e-45,  1.4013e-45,  7.9362e-04]))])
224 | OrderedDict([('weights', tensor([-4.9968e-01, -5.0315e-01, -5.2810e-01, -5.0998e-01, -1.2847e-01,
        -4.9999e-01, -5.0465e-01, -5.2992e-01, -5.1193e-01, -1.2900e-01,
         1.4013e-45,  1.4013e-45,  1.4013e-45,  1.4013e-45,  1.4013e-45,
         1.4013e-45,  1.4013e-45,  1.4013e-45,  1.4013e-45,  7.2884e-04]))])
225 | OrderedDict([('weights', tensor([-5.0083e-01, -5.0466e-01, -5.2990e-01, -5.1205e-01, -1.2798e-01,
        -5.0198e-01, -5.0741e-01, -5.3307e-01, -5.1490e-01, -1.2832e-01,
         1.4013e-45,  1.4013e-45,  1.4013e-45,  1.4013e-45,  1.4013e-45,
         1.4013e-45,  1.4013e-45,  1.4013e-45,  1.4013e-45,  8.2658e-04]))])
226 | OrderedDict([('weights', tensor([-5.0428e-01, -5.0748e-01, -5.3291e-01, -5.1454e-01, -1.3472e-01,
        -5.0428e-01, -5.0911e-01, -5.3432e-01, -5.1626e-01, -1.3870e-01,
         1.4013e-45,  1.4013e-45,  1.4013e-45,  1.4013e-45,  1.4013e-45,
         1.4013e-45,  1.4013e-45,  1.4013e-45,  1.4013e-45,  8.4418e-04]))])
227 | OrderedDict([('weights', tensor([-4.9707e-01, -5.0087e-01, -5.2630e-01, -5.0815e-01, -1.3361e-01,
        -4.9788e-01, -5.0180e-01, -5.2745e-01, -5.0903e-01, -1.3307e-01,
         1.4013e-45,  1.4013e-45,  1.4013e-45,  1.4013e-45,  1.4013e-45,
         1.4013e-45,  1.4013e-45,  1.4013e-45,  1.4013e-45,  5.6639e-04]))])
228 | OrderedDict([('weights', tensor([-4.8944e-01, -4.9311e-01, -5.1873e-01, -5.0025e-01, -1.2884e-01,
        -4.9014e-01, -4.9455e-01, -5.1979e-01, -5.0151e-01, -1.2648e-01,
         1.4013e-45,  1.4013e-45,  1.4013e-45,  1.4013e-45,  1.4013e-45,
         1.4013e-45,  1.4013e-45,  1.4013e-45,  1.4013e-45,  4.9641e-04]))])
229 | OrderedDict([('weights', tensor([-4.9558e-01, -4.9918e-01, -5.2429e-01, -5.0630e-01, -1.4029e-01,
        -4.9611e-01, -5.0184e-01, -5.2643e-01, -5.0885e-01, -1.3842e-01,
         1.4013e-45,  1.4013e-45,  1.4013e-45,  1.4013e-45,  1.4013e-45,
         1.4013e-45,  1.4013e-45,  1.4013e-45,  1.4013e-45,  7.9442e-04]))])
230 | OrderedDict([('weights', tensor([-5.0899e-01, -5.1188e-01, -5.3759e-01, -5.1923e-01, -1.4233e-01,
        -5.0882e-01, -5.1517e-01, -5.3989e-01, -5.2223e-01, -1.4250e-01,
         1.4013e-45,  1.4013e-45,  1.4013e-45,  1.4013e-45,  1.4013e-45,
         1.4013e-45,  1.4013e-45,  1.4013e-45,  1.4013e-45,  9.3341e-04]))])
231 | OrderedDict([('weights', tensor([-5.0868e-01, -5.1165e-01, -5.3719e-01, -5.1896e-01, -1.3490e-01,
        -5.0863e-01, -5.1401e-01, -5.3903e-01, -5.2108e-01, -1.3404e-01,
         1.4013e-45,  1.4013e-45,  1.4013e-45,  1.4013e-45,  1.4013e-45,
         1.4013e-45,  1.4013e-45,  1.4013e-45,  1.4013e-45,  8.1800e-04]))])
232 | OrderedDict([('weights', tensor([-5.0394e-01, -5.0773e-01, -5.3273e-01, -5.1505e-01, -1.3308e-01,
        -5.0482e-01, -5.0989e-01, -5.3520e-01, -5.1717e-01, -1.2888e-01,
         1.4013e-45,  1.4013e-45,  1.4013e-45,  1.4013e-45,  1.4013e-45,
         1.4013e-45,  1.4013e-45,  1.4013e-45,  1.4013e-45,  6.6646e-04]))])
233 | OrderedDict([('weights', tensor([-4.9763e-01, -5.0164e-01, -5.2670e-01, -5.0894e-01, -1.3451e-01,
        -4.9858e-01, -5.0309e-01, -5.2884e-01, -5.1068e-01, -1.3320e-01,
         1.4013e-45,  1.4013e-45,  1.4013e-45,  1.4013e-45,  1.4013e-45,
         1.4013e-45,  1.4013e-45,  1.4013e-45,  1.4013e-45,  6.2700e-04]))])
234 | OrderedDict([('weights', tensor([-5.0592e-01, -5.0935e-01, -5.3432e-01, -5.1627e-01, -1.4072e-01,
        -5.0610e-01, -5.1140e-01, -5.3654e-01, -5.1874e-01, -1.4361e-01,
         1.4013e-45,  1.4013e-45,  1.4013e-45,  1.4013e-45,  1.4013e-45,
         1.4013e-45,  1.4013e-45,  1.4013e-45,  1.4013e-45,  7.8642e-04]))])
235 | OrderedDict([('weights', tensor([-5.1071e-01, -5.1382e-01, -5.3915e-01, -5.2096e-01, -1.3860e-01,
        -5.1075e-01, -5.1658e-01, -5.4157e-01, -5.2364e-01, -1.4223e-01,
         1.4013e-45,  1.4013e-45,  1.4013e-45,  1.4013e-45,  1.4013e-45,
         1.4013e-45,  1.4013e-45,  1.4013e-45,  1.4013e-45,  8.1169e-04]))])
236 | OrderedDict([('weights', tensor([-5.0063e-01, -5.0460e-01, -5.2874e-01, -5.1123e-01, -1.3027e-01,
        -5.0116e-01, -5.0538e-01, -5.3018e-01, -5.1231e-01, -1.3399e-01,
         1.4013e-45,  1.4013e-45,  1.4013e-45,  1.4013e-45,  1.4013e-45,
         1.4013e-45,  1.4013e-45,  1.4013e-45,  1.4013e-45,  5.5904e-04]))])
237 | OrderedDict([('weights', tensor([-4.9378e-01, -4.9752e-01, -5.2255e-01, -5.0429e-01, -1.2479e-01,
        -4.9401e-01, -4.9833e-01, -5.2310e-01, -5.0535e-01, -1.2748e-01,
         1.4013e-45,  1.4013e-45,  1.4013e-45,  1.4013e-45,  1.4013e-45,
         1.4013e-45,  1.4013e-45,  1.4013e-45,  1.4013e-45,  4.5527e-04]))])
238 | OrderedDict([('weights', tensor([-5.0203e-01, -5.0478e-01, -5.3064e-01, -5.1219e-01, -1.2356e-01,
        -5.0190e-01, -5.0757e-01, -5.3264e-01, -5.1461e-01, -1.2420e-01,
         1.4013e-45,  1.4013e-45,  1.4013e-45,  1.4013e-45,  1.4013e-45,
         1.4013e-45,  1.4013e-45,  1.4013e-45,  1.4013e-45,  7.7689e-04]))])
239 | OrderedDict([('weights', tensor([-5.0108e-01, -5.0392e-01, -5.3006e-01, -5.1135e-01, -1.1845e-01,
        -5.0099e-01, -5.0648e-01, -5.3146e-01, -5.1358e-01, -1.1840e-01,
         1.4013e-45,  1.4013e-45,  1.4013e-45,  1.4013e-45,  1.4013e-45,
         1.4013e-45,  1.4013e-45,  1.4013e-45,  1.4013e-45,  7.0776e-04]))])
240 | OrderedDict([('weights', tensor([-5.1511e-01, -5.1817e-01, -5.4366e-01, -5.2548e-01, -1.3602e-01,
        -5.1489e-01, -5.2107e-01, -5.4549e-01, -5.2875e-01, -1.3912e-01,
         1.4013e-45,  1.4013e-45,  1.4013e-45,  1.4013e-45,  1.4013e-45,
         1.4013e-45,  1.4013e-45,  1.4013e-45,  1.4013e-45,  9.7069e-04]))])
241 | OrderedDict([('weights', tensor([-5.0908e-01, -5.1278e-01, -5.3827e-01, -5.2033e-01, -1.3747e-01,
        -5.0987e-01, -5.1492e-01, -5.3994e-01, -5.2278e-01, -1.4321e-01,
         1.4013e-45,  1.4013e-45,  1.4013e-45,  1.4013e-45,  1.4013e-45,
         1.4013e-45,  1.4013e-45,  1.4013e-45,  1.4013e-45,  6.6172e-04]))])
242 | OrderedDict([('weights', tensor([-5.0972e-01, -5.1357e-01, -5.3873e-01, -5.2107e-01, -1.3674e-01,
        -5.1048e-01, -5.1622e-01, -5.4130e-01, -5.2391e-01, -1.4450e-01,
         1.4013e-45,  1.4013e-45,  1.4013e-45,  1.4013e-45,  1.4013e-45,
         1.4013e-45,  1.4013e-45,  1.4013e-45,  1.4013e-45,  7.5032e-04]))])
243 | OrderedDict([('weights', tensor([-5.0632e-01, -5.1063e-01, -5.3479e-01, -5.1746e-01, -1.3479e-01,
        -5.0704e-01, -5.1220e-01, -5.3658e-01, -5.1920e-01, -1.3767e-01,
         1.4013e-45,  1.4013e-45,  1.4013e-45,  1.4013e-45,  1.4013e-45,
         1.4013e-45,  1.4013e-45,  1.4013e-45,  1.4013e-45,  6.4248e-04]))])
244 | OrderedDict([('weights', tensor([-5.0069e-01, -5.0498e-01, -5.2930e-01, -5.1175e-01, -1.2732e-01,
        -5.0146e-01, -5.0604e-01, -5.3113e-01, -5.1327e-01, -1.3254e-01,
         1.4013e-45,  1.4013e-45,  1.4013e-45,  1.4013e-45,  1.4013e-45,
         1.4013e-45,  1.4013e-45,  1.4013e-45,  1.4013e-45,  5.5334e-04]))])
245 | OrderedDict([('weights', tensor([-5.0000e-01, -5.0421e-01, -5.2901e-01, -5.1137e-01, -1.2950e-01,
        -5.0110e-01, -5.0563e-01, -5.3113e-01, -5.1299e-01, -1.3021e-01,
         1.4013e-45,  1.4013e-45,  1.4013e-45,  1.4013e-45,  1.4013e-45,
         1.4013e-45,  1.4013e-45,  1.4013e-45,  1.4013e-45,  6.6527e-04]))])
246 | OrderedDict([('weights', tensor([-5.0232e-01, -5.0612e-01, -5.3069e-01, -5.1322e-01, -1.2672e-01,
        -5.0301e-01, -5.0817e-01, -5.3339e-01, -5.1560e-01, -1.3015e-01,
         1.4013e-45,  1.4013e-45,  1.4013e-45,  1.4013e-45,  1.4013e-45,
         1.4013e-45,  1.4013e-45,  1.4013e-45,  1.4013e-45,  7.8686e-04]))])
247 | OrderedDict([('weights', tensor([-4.9670e-01, -5.0101e-01, -5.2585e-01, -5.0850e-01, -1.3019e-01,
        -4.9838e-01, -5.0296e-01, -5.2833e-01, -5.1013e-01, -1.3171e-01,
         1.4013e-45,  1.4013e-45,  1.4013e-45,  1.4013e-45,  1.4013e-45,
         1.4013e-45,  1.4013e-45,  1.4013e-45,  1.4013e-45,  6.6855e-04]))])
248 | OrderedDict([('weights', tensor([-4.9755e-01, -5.0084e-01, -5.2667e-01, -5.0821e-01, -1.3084e-01,
        -4.9814e-01, -5.0327e-01, -5.2861e-01, -5.1035e-01, -1.3427e-01,
         1.4013e-45,  1.4013e-45,  1.4013e-45,  1.4013e-45,  1.4013e-45,
         1.4013e-45,  1.4013e-45,  1.4013e-45,  1.4013e-45,  7.4858e-04]))])
249 | OrderedDict([('weights', tensor([-5.0078e-01, -5.0455e-01, -5.3007e-01, -5.1228e-01, -1.3417e-01,
        -5.0210e-01, -5.0774e-01, -5.3318e-01, -5.1506e-01, -1.3582e-01,
         1.4013e-45,  1.4013e-45,  1.4013e-45,  1.4013e-45,  1.4013e-45,
         1.4013e-45,  1.4013e-45,  1.4013e-45,  1.4013e-45,  7.9129e-04]))])
250 | OrderedDict([('weights', tensor([-4.9433e-01, -4.9817e-01, -5.2351e-01, -5.0584e-01, -1.2868e-01,
        -4.9555e-01, -5.0045e-01, -5.2586e-01, -5.0748e-01, -1.3154e-01,
         1.4013e-45,  1.4013e-45,  1.4013e-45,  1.4013e-45,  1.4013e-45,
         1.4013e-45,  1.4013e-45,  1.4013e-45,  1.4013e-45,  6.2496e-04]))])
251 | OrderedDict([('weights', tensor([-5.0156e-01, -5.0532e-01, -5.3051e-01, -5.1277e-01, -1.3589e-01,
        -5.0216e-01, -5.0771e-01, -5.3276e-01, -5.1481e-01, -1.3740e-01,
         1.4013e-45,  1.4013e-45,  1.4013e-45,  1.4013e-45,  1.4013e-45,
         1.4013e-45,  1.4013e-45,  1.4013e-45,  1.4013e-45,  8.0732e-04]))])
252 | OrderedDict([('weights', tensor([-4.8439e-01, -4.8851e-01, -5.1336e-01, -4.9543e-01, -1.1975e-01,
        -4.8524e-01, -4.8989e-01, -5.1523e-01, -4.9663e-01, -1.2114e-01,
         1.4013e-45,  1.4013e-45,  1.4013e-45,  1.4013e-45,  1.4013e-45,
         1.4013e-45,  1.4013e-45,  1.4013e-45,  1.4013e-45,  5.6540e-04]))])
253 | OrderedDict([('weights', tensor([-5.0493e-01, -5.0804e-01, -5.3242e-01, -5.1474e-01, -1.3585e-01,
        -5.0412e-01, -5.1029e-01, -5.3504e-01, -5.1700e-01, -1.3979e-01,
         1.4013e-45,  1.4013e-45,  1.4013e-45,  1.4013e-45,  1.4013e-45,
         1.4013e-45,  1.4013e-45,  1.4013e-45,  1.4013e-45,  9.9691e-04]))])
254 | OrderedDict([('weights', tensor([-5.1458e-01, -5.1733e-01, -5.4275e-01, -5.2483e-01, -1.4087e-01,
        -5.1427e-01, -5.2066e-01, -5.4584e-01, -5.2801e-01, -1.4450e-01,
         1.4013e-45,  1.4013e-45,  1.4013e-45,  1.4013e-45,  1.4013e-45,
         1.4013e-45,  1.4013e-45,  1.4013e-45,  1.4013e-45,  9.2601e-04]))])
255 | OrderedDict([('weights', tensor([-5.0572e-01, -5.0918e-01, -5.3343e-01, -5.1612e-01, -1.4044e-01,
        -5.0564e-01, -5.1038e-01, -5.3546e-01, -5.1700e-01, -1.4147e-01,
         1.4013e-45,  1.4013e-45,  1.4013e-45,  1.4013e-45,  1.4013e-45,
         1.4013e-45,  1.4013e-45,  1.4013e-45,  1.4013e-45,  5.8979e-04]))])
256 | OrderedDict([('weights', tensor([-4.9709e-01, -5.0096e-01, -5.2562e-01, -5.0801e-01, -1.3777e-01,
        -4.9745e-01, -5.0191e-01, -5.2700e-01, -5.0879e-01, -1.3949e-01,
         1.4013e-45,  1.4013e-45,  1.4013e-45,  1.4013e-45,  1.4013e-45,
         1.4013e-45,  1.4013e-45,  1.4013e-45,  1.4013e-45,  5.0043e-04]))])
257 | OrderedDict([('weights', tensor([-4.8979e-01, -4.9350e-01, -5.1869e-01, -5.0060e-01, -1.3452e-01,
        -4.9013e-01, -4.9526e-01, -5.2095e-01, -5.0241e-01, -1.3662e-01,
         1.4013e-45,  1.4013e-45,  1.4013e-45,  1.4013e-45,  1.4013e-45,
         1.4013e-45,  1.4013e-45,  1.4013e-45,  1.4013e-45,  6.0523e-04]))])
258 | OrderedDict([('weights', tensor([-4.9776e-01, -5.0089e-01, -5.2582e-01, -5.0828e-01, -1.3554e-01,
        -4.9776e-01, -5.0319e-01, -5.2864e-01, -5.1022e-01, -1.3614e-01,
         1.4013e-45,  1.4013e-45,  1.4013e-45,  1.4013e-45,  1.4013e-45,
         1.4013e-45,  1.4013e-45,  1.4013e-45,  1.4013e-45,  7.3811e-04]))])
259 | OrderedDict([('weights', tensor([-5.0752e-01, -5.1050e-01, -5.3606e-01, -5.1822e-01, -1.3168e-01,
        -5.0765e-01, -5.1388e-01, -5.3900e-01, -5.2136e-01, -1.3505e-01,
         1.4013e-45,  1.4013e-45,  1.4013e-45,  1.4013e-45,  1.4013e-45,
         1.4013e-45,  1.4013e-45,  1.4013e-45,  1.4013e-45,  9.0392e-04]))])
260 | OrderedDict([('weights', tensor([-4.9897e-01, -5.0222e-01, -5.2791e-01, -5.0960e-01, -1.2751e-01,
        -4.9903e-01, -5.0365e-01, -5.2942e-01, -5.1124e-01, -1.2798e-01,
         1.4013e-45,  1.4013e-45,  1.4013e-45,  1.4013e-45,  1.4013e-45,
         1.4013e-45,  1.4013e-45,  1.4013e-45,  1.4013e-45,  6.3000e-04]))])
261 | OrderedDict([('weights', tensor([-5.1169e-01, -5.1492e-01, -5.4046e-01, -5.2220e-01, -1.4499e-01,
        -5.1174e-01, -5.1778e-01, -5.4293e-01, -5.2506e-01, -1.4937e-01,
         1.4013e-45,  1.4013e-45,  1.4013e-45,  1.4013e-45,  1.4013e-45,
         1.4013e-45,  1.4013e-45,  1.4013e-45,  1.4013e-45,  9.3153e-04]))])
262 | OrderedDict([('weights', tensor([-4.9738e-01, -5.0080e-01, -5.2589e-01, -5.0790e-01, -1.2863e-01,
        -4.9794e-01, -5.0248e-01, -5.2755e-01, -5.0926e-01, -1.3230e-01,
         1.4013e-45,  1.4013e-45,  1.4013e-45,  1.4013e-45,  1.4013e-45,
         1.4013e-45,  1.4013e-45,  1.4013e-45,  1.4013e-45,  5.5457e-04]))])
263 | OrderedDict([('weights', tensor([-4.9367e-01, -4.9701e-01, -5.2229e-01, -5.0398e-01, -1.1945e-01,
        -4.9402e-01, -4.9883e-01, -5.2346e-01, -5.0524e-01, -1.2402e-01,
         1.4013e-45,  1.4013e-45,  1.4013e-45,  1.4013e-45,  1.4013e-45,
         1.4013e-45,  1.4013e-45,  1.4013e-45,  1.4013e-45,  5.6941e-04]))])
264 | OrderedDict([('weights', tensor([-4.8836e-01, -4.9170e-01, -5.1727e-01, -4.9873e-01, -1.1752e-01,
        -4.8868e-01, -4.9394e-01, -5.1896e-01, -5.0074e-01, -1.2005e-01,
         1.4013e-45,  1.4013e-45,  1.4013e-45,  1.4013e-45,  1.4013e-45,
         1.4013e-45,  1.4013e-45,  1.4013e-45,  1.4013e-45,  6.3341e-04]))])
265 | OrderedDict([('weights', tensor([-4.9287e-01, -4.9669e-01, -5.2180e-01, -5.0371e-01, -1.2484e-01,
        -4.9348e-01, -4.9979e-01, -5.2475e-01, -5.0677e-01, -1.2771e-01,
         1.4013e-45,  1.4013e-45,  1.4013e-45,  1.4013e-45,  1.4013e-45,
         1.4013e-45,  1.4013e-45,  1.4013e-45,  1.4013e-45,  8.5923e-04]))])
266 | OrderedDict([('weights', tensor([-4.9458e-01, -4.9787e-01, -5.2312e-01, -5.0463e-01, -1.2757e-01,
        -4.9428e-01, -4.9975e-01, -5.2509e-01, -5.0693e-01, -1.3081e-01,
         1.4013e-45,  1.4013e-45,  1.4013e-45,  1.4013e-45,  1.4013e-45,
         1.4013e-45,  1.4013e-45,  1.4013e-45,  1.4013e-45,  7.9505e-04]))])
267 | OrderedDict([('weights', tensor([-4.9683e-01, -5.0054e-01, -5.2523e-01, -5.0715e-01, -1.3559e-01,
        -4.9702e-01, -5.0205e-01, -5.2624e-01, -5.0873e-01, -1.3730e-01,
         1.4013e-45,  1.4013e-45,  1.4013e-45,  1.4013e-45,  1.4013e-45,
         1.4013e-45,  1.4013e-45,  1.4013e-45,  1.4013e-45,  7.8251e-04]))])
268 | OrderedDict([('weights', tensor([-5.0375e-01, -5.0664e-01, -5.3243e-01, -5.1373e-01, -1.3290e-01,
        -5.0325e-01, -5.0990e-01, -5.3464e-01, -5.1754e-01, -1.3872e-01,
         1.4013e-45,  1.4013e-45,  1.4013e-45,  1.4013e-45,  1.4013e-45,
         1.4013e-45,  1.4013e-45,  1.4013e-45,  1.4013e-45,  8.7523e-04]))])
269 | OrderedDict([('weights', tensor([-4.9746e-01, -5.0123e-01, -5.2639e-01, -5.0835e-01, -1.2717e-01,
        -4.9789e-01, -5.0269e-01, -5.2776e-01, -5.0992e-01, -1.2847e-01,
         1.4013e-45,  1.4013e-45,  1.4013e-45,  1.4013e-45,  1.4013e-45,
         1.4013e-45,  1.4013e-45,  1.4013e-45,  1.4013e-45,  6.6896e-04]))])
270 | OrderedDict([('weights', tensor([-4.9413e-01, -4.9757e-01, -5.2312e-01, -5.0465e-01, -1.2466e-01,
        -4.9440e-01, -4.9965e-01, -5.2462e-01, -5.0679e-01, -1.2741e-01,
         1.4013e-45,  1.4013e-45,  1.4013e-45,  1.4013e-45,  1.4013e-45,
         1.4013e-45,  1.4013e-45,  1.4013e-45,  1.4013e-45,  6.7863e-04]))])
271 | OrderedDict([('weights', tensor([-5.0210e-01, -5.0537e-01, -5.3046e-01, -5.1227e-01, -1.3657e-01,
        -5.0177e-01, -5.0741e-01, -5.3249e-01, -5.1489e-01, -1.3956e-01,
         1.4013e-45,  1.4013e-45,  1.4013e-45,  1.4013e-45,  1.4013e-45,
         1.4013e-45,  1.4013e-45,  1.4013e-45,  1.4013e-45,  8.1177e-04]))])
272 | OrderedDict([('weights', tensor([-4.9871e-01, -5.0208e-01, -5.2719e-01, -5.0881e-01, -1.2704e-01,
        -4.9835e-01, -5.0321e-01, -5.2846e-01, -5.1032e-01, -1.2937e-01,
         1.4013e-45,  1.4013e-45,  1.4013e-45,  1.4013e-45,  1.4013e-45,
         1.4013e-45,  1.4013e-45,  1.4013e-45,  1.4013e-45,  6.8913e-04]))])
273 | OrderedDict([('weights', tensor([-5.0062e-01, -5.0403e-01, -5.2904e-01, -5.1096e-01, -1.3161e-01,
        -5.0044e-01, -5.0577e-01, -5.3063e-01, -5.1272e-01, -1.3466e-01,
         1.4013e-45,  1.4013e-45,  1.4013e-45,  1.4013e-45,  1.4013e-45,
         1.4013e-45,  1.4013e-45,  1.4013e-45,  1.4013e-45,  7.9838e-04]))])
274 | OrderedDict([('weights', tensor([-4.9909e-01, -5.0244e-01, -5.2761e-01, -5.0944e-01, -1.2317e-01,
        -4.9899e-01, -5.0422e-01, -5.2928e-01, -5.1088e-01, -1.2596e-01,
         1.4013e-45,  1.4013e-45,  1.4013e-45,  1.4013e-45,  1.4013e-45,
         1.4013e-45,  1.4013e-45,  1.4013e-45,  1.4013e-45,  7.3484e-04]))])
275 | OrderedDict([('weights', tensor([-5.0795e-01, -5.1071e-01, -5.3600e-01, -5.1732e-01, -1.3102e-01,
        -5.0688e-01, -5.1251e-01, -5.3747e-01, -5.1927e-01, -1.3439e-01,
         1.4013e-45,  1.4013e-45,  1.4013e-45,  1.4013e-45,  1.4013e-45,
         1.4013e-45,  1.4013e-45,  1.4013e-45,  1.4013e-45,  8.6045e-04]))])
276 | OrderedDict([('weights', tensor([-5.0533e-01, -5.0863e-01, -5.3370e-01, -5.1562e-01, -1.3169e-01,
        -5.0513e-01, -5.1036e-01, -5.3521e-01, -5.1705e-01, -1.3466e-01,
         1.4013e-45,  1.4013e-45,  1.4013e-45,  1.4013e-45,  1.4013e-45,
         1.4013e-45,  1.4013e-45,  1.4013e-45,  1.4013e-45,  7.6876e-04]))])
277 | OrderedDict([('weights', tensor([-5.0696e-01, -5.0984e-01, -5.3540e-01, -5.1708e-01, -1.3519e-01,
        -5.0654e-01, -5.1177e-01, -5.3655e-01, -5.1842e-01, -1.3886e-01,
         1.4013e-45,  1.4013e-45,  1.4013e-45,  1.4013e-45,  1.4013e-45,
         1.4013e-45,  1.4013e-45,  1.4013e-45,  1.4013e-45,  7.2490e-04]))])
278 | OrderedDict([('weights', tensor([-5.0266e-01, -5.0605e-01, -5.3091e-01, -5.1342e-01, -1.3406e-01,
        -5.0300e-01, -5.0861e-01, -5.3374e-01, -5.1574e-01, -1.3588e-01,
         1.4013e-45,  1.4013e-45,  1.4013e-45,  1.4013e-45,  1.4013e-45,
         1.4013e-45,  1.4013e-45,  1.4013e-45,  1.4013e-45,  6.9028e-04]))])
279 | OrderedDict([('weights', tensor([-4.9639e-01, -5.0023e-01, -5.2457e-01, -5.0712e-01, -1.3522e-01,
        -4.9683e-01, -5.0201e-01, -5.2699e-01, -5.0914e-01, -1.3701e-01,
         1.4013e-45,  1.4013e-45,  1.4013e-45,  1.4013e-45,  1.4013e-45,
         1.4013e-45,  1.4013e-45,  1.4013e-45,  1.4013e-45,  6.9922e-04]))])
280 | OrderedDict([('weights', tensor([-4.9290e-01, -4.9632e-01, -5.2177e-01, -5.0341e-01, -1.2542e-01,
        -4.9319e-01, -4.9778e-01, -5.2301e-01, -5.0459e-01, -1.2682e-01,
         1.4013e-45,  1.4013e-45,  1.4013e-45,  1.4013e-45,  1.4013e-45,
         1.4013e-45,  1.4013e-45,  1.4013e-45,  1.4013e-45,  6.1620e-04]))])
281 | OrderedDict([('weights', tensor([-4.8590e-01, -4.8972e-01, -5.1497e-01, -4.9671e-01, -1.2206e-01,
        -4.8670e-01, -4.9120e-01, -5.1692e-01, -4.9857e-01, -1.2154e-01,
         1.4013e-45,  1.4013e-45,  1.4013e-45,  1.4013e-45,  1.4013e-45,
         1.4013e-45,  1.4013e-45,  1.4013e-45,  1.4013e-45,  5.9396e-04]))])
282 | OrderedDict([('weights', tensor([-4.9039e-01, -4.9423e-01, -5.1925e-01, -5.0158e-01, -1.2295e-01,
        -4.9134e-01, -4.9679e-01, -5.2191e-01, -5.0394e-01, -1.2541e-01,
         1.4013e-45,  1.4013e-45,  1.4013e-45,  1.4013e-45,  1.4013e-45,
         1.4013e-45,  1.4013e-45,  1.4013e-45,  1.4013e-45,  7.3660e-04]))])
283 | OrderedDict([('weights', tensor([-5.0083e-01, -5.0410e-01, -5.2930e-01, -5.1109e-01, -1.2805e-01,
        -5.0097e-01, -5.0714e-01, -5.3215e-01, -5.1419e-01, -1.3011e-01,
         1.4013e-45,  1.4013e-45,  1.4013e-45,  1.4013e-45,  1.4013e-45,
         1.4013e-45,  1.4013e-45,  1.4013e-45,  1.4013e-45,  8.9118e-04]))])
284 | OrderedDict([('weights', tensor([-5.0944e-01, -5.1316e-01, -5.3804e-01, -5.2059e-01, -1.3459e-01,
        -5.1038e-01, -5.1646e-01, -5.4101e-01, -5.2349e-01, -1.4365e-01,
         1.4013e-45,  1.4013e-45,  1.4013e-45,  1.4013e-45,  1.4013e-45,
         1.4013e-45,  1.4013e-45,  1.4013e-45,  1.4013e-45,  9.9400e-04]))])
285 | OrderedDict([('weights', tensor([-4.9855e-01, -5.0241e-01, -5.2778e-01, -5.0986e-01, -1.2766e-01,
        -4.9969e-01, -5.0451e-01, -5.2930e-01, -5.1135e-01, -1.3252e-01,
         1.4013e-45,  1.4013e-45,  1.4013e-45,  1.4013e-45,  1.4013e-45,
         1.4013e-45,  1.4013e-45,  1.4013e-45,  1.4013e-45,  5.9975e-04]))])
286 | OrderedDict([('weights', tensor([-4.9384e-01, -4.9810e-01, -5.2238e-01, -5.0510e-01, -1.2609e-01,
        -4.9486e-01, -4.9920e-01, -5.2386e-01, -5.0563e-01, -1.2595e-01,
         1.4013e-45,  1.4013e-45,  1.4013e-45,  1.4013e-45,  1.4013e-45,
         1.4013e-45,  1.4013e-45,  1.4013e-45,  1.4013e-45,  5.7773e-04]))])
287 | OrderedDict([('weights', tensor([-4.9264e-01, -4.9632e-01, -5.2133e-01, -5.0316e-01, -1.2252e-01,
        -4.9294e-01, -4.9740e-01, -5.2285e-01, -5.0415e-01, -1.2328e-01,
         1.4013e-45,  1.4013e-45,  1.4013e-45,  1.4013e-45,  1.4013e-45,
         1.4013e-45,  1.4013e-45,  1.4013e-45,  1.4013e-45,  6.8316e-04]))])
288 | OrderedDict([('weights', tensor([-4.9985e-01, -5.0305e-01, -5.2909e-01, -5.1045e-01, -1.2479e-01,
        -4.9991e-01, -5.0543e-01, -5.3066e-01, -5.1207e-01, -1.2446e-01,
         1.4013e-45,  1.4013e-45,  1.4013e-45,  1.4013e-45,  1.4013e-45,
         1.4013e-45,  1.4013e-45,  1.4013e-45,  1.4013e-45,  8.1955e-04]))])
289 | OrderedDict([('weights', tensor([-5.0436e-01, -5.0740e-01, -5.3356e-01, -5.1495e-01, -1.2473e-01,
        -5.0454e-01, -5.1004e-01, -5.3524e-01, -5.1690e-01, -1.2347e-01,
         1.4013e-45,  1.4013e-45,  1.4013e-45,  1.4013e-45,  1.4013e-45,
         1.4013e-45,  1.4013e-45,  1.4013e-45,  1.4013e-45,  8.9493e-04]))])
290 | OrderedDict([('weights', tensor([-5.0020e-01, -5.0419e-01, -5.2846e-01, -5.1087e-01, -1.3434e-01,
        -5.0071e-01, -5.0561e-01, -5.3038e-01, -5.1256e-01, -1.3822e-01,
         1.4013e-45,  1.4013e-45,  1.4013e-45,  1.4013e-45,  1.4013e-45,
         1.4013e-45,  1.4013e-45,  1.4013e-45,  1.4013e-45,  9.3876e-04]))])
291 | OrderedDict([('weights', tensor([-5.0175e-01, -5.0503e-01, -5.3004e-01, -5.1193e-01, -1.2734e-01,
        -5.0141e-01, -5.0641e-01, -5.3135e-01, -5.1318e-01, -1.3243e-01,
         1.4013e-45,  1.4013e-45,  1.4013e-45,  1.4013e-45,  1.4013e-45,
         1.4013e-45,  1.4013e-45,  1.4013e-45,  1.4013e-45,  8.6164e-04]))])
292 | OrderedDict([('weights', tensor([-4.9865e-01, -5.0211e-01, -5.2720e-01, -5.0967e-01, -1.2893e-01,
        -4.9947e-01, -5.0408e-01, -5.2938e-01, -5.1099e-01, -1.3508e-01,
         1.4013e-45,  1.4013e-45,  1.4013e-45,  1.4013e-45,  1.4013e-45,
         1.4013e-45,  1.4013e-45,  1.4013e-45,  1.4013e-45,  7.7695e-04]))])
293 | OrderedDict([('weights', tensor([-4.9738e-01, -5.0073e-01, -5.2569e-01, -5.0767e-01, -1.3217e-01,
        -4.9735e-01, -5.0255e-01, -5.2762e-01, -5.0962e-01, -1.3503e-01,
         1.4013e-45,  1.4013e-45,  1.4013e-45,  1.4013e-45,  1.4013e-45,
         1.4013e-45,  1.4013e-45,  1.4013e-45,  1.4013e-45,  6.4807e-04]))])
294 | OrderedDict([('weights', tensor([-5.0144e-01, -5.0482e-01, -5.2964e-01, -5.1185e-01, -1.3508e-01,
        -5.0149e-01, -5.0713e-01, -5.3167e-01, -5.1409e-01, -1.3960e-01,
         1.4013e-45,  1.4013e-45,  1.4013e-45,  1.4013e-45,  1.4013e-45,
         1.4013e-45,  1.4013e-45,  1.4013e-45,  1.4013e-45,  6.8347e-04]))])
295 | OrderedDict([('weights', tensor([-5.0165e-01, -5.0468e-01, -5.3017e-01, -5.1221e-01, -1.3339e-01,
        -5.0192e-01, -5.0766e-01, -5.3244e-01, -5.1466e-01, -1.3292e-01,
         1.4013e-45,  1.4013e-45,  1.4013e-45,  1.4013e-45,  1.4013e-45,
         1.4013e-45,  1.4013e-45,  1.4013e-45,  1.4013e-45,  6.7826e-04]))])
296 | OrderedDict([('weights', tensor([-4.9835e-01, -5.0160e-01, -5.2679e-01, -5.0909e-01, -1.3438e-01,
        -4.9860e-01, -5.0396e-01, -5.2883e-01, -5.1088e-01, -1.3753e-01,
         1.4013e-45,  1.4013e-45,  1.4013e-45,  1.4013e-45,  1.4013e-45,
         1.4013e-45,  1.4013e-45,  1.4013e-45,  1.4013e-45,  6.5825e-04]))])
297 | OrderedDict([('weights', tensor([-4.9730e-01, -5.0061e-01, -5.2567e-01, -5.0758e-01, -1.3685e-01,
        -4.9732e-01, -5.0299e-01, -5.2750e-01, -5.0982e-01, -1.3917e-01,
         1.4013e-45,  1.4013e-45,  1.4013e-45,  1.4013e-45,  1.4013e-45,
         1.4013e-45,  1.4013e-45,  1.4013e-45,  1.4013e-45,  7.3410e-04]))])
298 | OrderedDict([('weights', tensor([-5.0192e-01, -5.0503e-01, -5.3029e-01, -5.1196e-01, -1.3481e-01,
        -5.0174e-01, -5.0700e-01, -5.3202e-01, -5.1381e-01, -1.3591e-01,
         1.4013e-45,  1.4013e-45,  1.4013e-45,  1.4013e-45,  1.4013e-45,
         1.4013e-45,  1.4013e-45,  1.4013e-45,  1.4013e-45,  7.3077e-04]))])
299 | OrderedDict([('weights', tensor([-4.9746e-01, -5.0045e-01, -5.2605e-01, -5.0782e-01, -1.2630e-01,
        -4.9744e-01, -5.0264e-01, -5.2774e-01, -5.0904e-01, -1.2909e-01,
         1.4013e-45,  1.4013e-45,  1.4013e-45,  1.4013e-45,  1.4013e-45,
         1.4013e-45,  1.4013e-45,  1.4013e-45,  1.4013e-45,  7.1956e-04]))])
