Epoch | Weights
1 | OrderedDict({'weights': tensor([-0.1288, -0.1209, -0.1330, -0.1185, -0.0379, -0.1221, -0.1441, -0.1503,
        -0.1479, -0.0429,  0.0058,  0.0030,  0.0060,  0.0041,  0.0017,  0.0018,
         0.0005,  0.0047,  0.0027,  0.0052])})
2 | OrderedDict({'weights': tensor([-0.2517, -0.2392, -0.2558, -0.2387, -0.0732, -0.2402, -0.2675, -0.2729,
        -0.2699, -0.0805,  0.0031,  0.0019,  0.0032,  0.0022,  0.0010,  0.0009,
         0.0003,  0.0024,  0.0014,  0.0033])})
3 | OrderedDict({'weights': tensor([-3.2797e-01, -3.1627e-01, -3.3137e-01, -3.1656e-01, -9.1925e-02,
        -3.1754e-01, -3.3975e-01, -3.4499e-01, -3.4184e-01, -9.3535e-02,
         1.4821e-03,  1.0426e-03,  1.5319e-03,  1.0438e-03,  5.1739e-04,
         4.2958e-04,  1.8459e-04,  1.1153e-03,  6.3094e-04,  1.6156e-03])})
4 | OrderedDict({'weights': tensor([-3.7167e-01, -3.6248e-01, -3.7488e-01, -3.6413e-01, -9.9064e-02,
        -3.6392e-01, -3.7881e-01, -3.8348e-01, -3.8071e-01, -1.0166e-01,
         6.7833e-04,  5.2036e-04,  6.9861e-04,  4.7196e-04,  2.4901e-04,
         1.9152e-04,  9.4940e-05,  4.9415e-04,  2.7812e-04,  7.5714e-04])})
5 | OrderedDict({'weights': tensor([-3.9739e-01, -3.9040e-01, -4.0119e-01, -3.9294e-01, -9.5137e-02,
        -3.9201e-01, -4.0151e-01, -4.0633e-01, -4.0330e-01, -9.9749e-02,
         3.0620e-04,  2.5194e-04,  3.1427e-04,  2.1042e-04,  1.1693e-04,
         8.4293e-05,  4.7016e-05,  2.1602e-04,  1.2091e-04,  2.2246e-04])})
6 | OrderedDict({'weights': tensor([-4.0793e-01, -4.0280e-01, -4.1068e-01, -4.0478e-01, -9.9866e-02,
        -4.0495e-01, -4.1004e-01, -4.1488e-01, -4.1196e-01, -1.0258e-01,
         1.3548e-04,  1.1790e-04,  1.3861e-04,  9.1932e-05,  5.3366e-05,
         3.6416e-05,  2.2358e-05,  9.2757e-05,  5.1659e-05,  3.8176e-05])})
7 | OrderedDict({'weights': tensor([-4.1765e-01, -4.1350e-01, -4.2245e-01, -4.1576e-01, -1.0393e-01,
        -4.1579e-01, -4.1904e-01, -4.2478e-01, -4.2015e-01, -1.0655e-01,
         5.9456e-05,  5.4244e-05,  6.0665e-05,  3.9821e-05,  2.4026e-05,
         1.5612e-05,  1.0400e-05,  3.9527e-05,  2.1893e-05,  5.8893e-05])})
8 | OrderedDict({'weights': tensor([-4.2654e-01, -4.2111e-01, -4.2994e-01, -4.2386e-01, -1.0654e-01,
        -4.2498e-01, -4.2653e-01, -4.3227e-01, -4.2788e-01, -1.0860e-01,
         2.7266e-05,  2.6151e-05,  2.7686e-05,  1.7925e-05,  1.1296e-05,
         6.9454e-06,  5.0476e-06,  1.7459e-05,  9.6067e-06, -5.7846e-06])})
9 | OrderedDict({'weights': tensor([-4.3114e-01, -4.2730e-01, -4.3426e-01, -4.2977e-01, -1.0591e-01,
        -4.2997e-01, -4.3190e-01, -4.3675e-01, -4.3415e-01, -1.0549e-01,
         1.2286e-05,  1.2267e-05,  1.2415e-05,  7.9204e-06,  5.1906e-06,
         3.0406e-06,  2.3805e-06,  7.5927e-06,  4.1427e-06, -5.8480e-05])})
10 | OrderedDict({'weights': tensor([-4.3284e-01, -4.2939e-01, -4.3631e-01, -4.3225e-01, -1.0879e-01,
        -4.3190e-01, -4.3256e-01, -4.3808e-01, -4.3539e-01, -1.0677e-01,
         5.6522e-06,  5.8659e-06,  5.6847e-06,  3.5705e-06,  2.4296e-06,
         1.3552e-06,  1.1399e-06,  3.3572e-06,  1.8167e-06, -3.8555e-05])})
11 | OrderedDict({'weights': tensor([-4.2949e-01, -4.2614e-01, -4.3287e-01, -4.2881e-01, -9.7865e-02,
        -4.2948e-01, -4.2944e-01, -4.3485e-01, -4.3244e-01, -1.0158e-01,
         2.5554e-06,  2.7386e-06,  2.5615e-06,  1.5849e-06,  1.1127e-06,
         5.9505e-07,  5.3164e-07,  1.4614e-06,  7.8387e-07, -3.6252e-05])})
12 | OrderedDict({'weights': tensor([-4.2054e-01, -4.1768e-01, -4.2505e-01, -4.1979e-01, -1.0178e-01,
        -4.1995e-01, -4.2085e-01, -4.2693e-01, -4.2409e-01, -1.0627e-01,
         1.1627e-06,  1.2820e-06,  1.1611e-06,  7.0732e-07,  5.1145e-07,
         2.6268e-07,  2.4819e-07,  6.3933e-07,  3.3967e-07,  3.2053e-05])})
13 | OrderedDict({'weights': tensor([-4.2138e-01, -4.1842e-01, -4.2634e-01, -4.2117e-01, -1.0394e-01,
        -4.2137e-01, -4.2294e-01, -4.2962e-01, -4.2601e-01, -1.0674e-01,
         5.2940e-07,  5.9837e-07,  5.2616e-07,  3.1511e-07,  2.3443e-07,
         1.1592e-07,  1.1519e-07,  2.7960e-07,  1.4702e-07, -4.6919e-05])})
14 | OrderedDict({'weights': tensor([-4.2806e-01, -4.2542e-01, -4.3195e-01, -4.2790e-01, -1.0949e-01,
        -4.2748e-01, -4.2917e-01, -4.3381e-01, -4.3151e-01, -1.1046e-01,
         2.3942e-07,  2.7656e-07,  2.3698e-07,  1.3933e-07,  1.0653e-07,
         5.0813e-08,  5.2891e-08,  1.2166e-07,  6.3327e-08,  4.8744e-06])})
15 | OrderedDict({'weights': tensor([-4.3009e-01, -4.2750e-01, -4.3335e-01, -4.2868e-01, -1.0492e-01,
        -4.2842e-01, -4.2934e-01, -4.3389e-01, -4.3107e-01, -1.0723e-01,
         1.0854e-07,  1.2786e-07,  1.0716e-07,  6.1993e-08,  4.8418e-08,
         2.2367e-08,  2.4235e-08,  5.2991e-08,  2.7315e-08, -8.2004e-06])})
16 | OrderedDict({'weights': tensor([-4.2940e-01, -4.2744e-01, -4.3263e-01, -4.2887e-01, -1.0617e-01,
        -4.2947e-01, -4.2953e-01, -4.3335e-01, -4.3038e-01, -1.0674e-01,
         4.8897e-08,  5.8589e-08,  4.8129e-08,  2.7371e-08,  2.1833e-08,
         9.7792e-09,  1.0997e-08,  2.2955e-08,  1.1715e-08, -3.5157e-05])})
17 | OrderedDict({'weights': tensor([-4.1441e-01, -4.1333e-01, -4.1883e-01, -4.1521e-01, -1.0619e-01,
        -4.1556e-01, -4.1485e-01, -4.2018e-01, -4.1759e-01, -1.0212e-01,
         2.2102e-08,  2.6884e-08,  2.1693e-08,  1.2139e-08,  9.8622e-09,
         4.2947e-09,  4.9971e-09,  9.9727e-09,  5.0359e-09, -1.1201e-04])})
18 | OrderedDict({'weights': tensor([-4.2241e-01, -4.2020e-01, -4.2742e-01, -4.2350e-01, -1.0771e-01,
        -4.2184e-01, -4.2283e-01, -4.2862e-01, -4.2653e-01, -1.0908e-01,
         1.0140e-08,  1.2508e-08,  9.9107e-09,  5.4345e-09,  4.5102e-09,
         1.9043e-09,  2.2931e-09,  4.3828e-09,  2.1876e-09, -3.1144e-05])})
19 | OrderedDict({'weights': tensor([-4.1393e-01, -4.1244e-01, -4.1853e-01, -4.1465e-01, -1.1021e-01,
        -4.1422e-01, -4.1440e-01, -4.2013e-01, -4.1747e-01, -1.1034e-01,
         4.5209e-09,  5.6402e-09,  4.4063e-09,  2.3730e-09,  2.0032e-09,
         8.2503e-10,  1.0218e-09,  1.8817e-09,  9.2858e-10, -5.1405e-05])})
20 | OrderedDict({'weights': tensor([-4.2123e-01, -4.1882e-01, -4.2537e-01, -4.2128e-01, -1.0641e-01,
        -4.2102e-01, -4.2229e-01, -4.2742e-01, -4.2490e-01, -1.0484e-01,
         2.1114e-09,  2.6661e-09,  2.0522e-09,  1.0823e-09,  9.3001e-10,
         3.7227e-10,  4.7532e-10,  8.3967e-10,  4.0884e-10, -8.1784e-05])})
21 | OrderedDict({'weights': tensor([-4.2311e-01, -4.2081e-01, -4.2750e-01, -4.2289e-01, -1.0970e-01,
        -4.2290e-01, -4.2449e-01, -4.3049e-01, -4.2716e-01, -1.0971e-01,
         9.7712e-10,  1.2463e-09,  9.4671e-10,  4.8889e-10,  4.2730e-10,
         1.6661e-10,  2.1858e-10,  3.7179e-10,  1.7852e-10,  2.4914e-05])})
22 | OrderedDict({'weights': tensor([-4.3100e-01, -4.2874e-01, -4.3644e-01, -4.3214e-01, -1.0893e-01,
        -4.3154e-01, -4.3238e-01, -4.3843e-01, -4.3499e-01, -1.0607e-01,
         4.4196e-10,  5.6854e-10,  4.2733e-10,  2.1634e-10,  1.9186e-10,
         7.3094e-11,  9.8151e-11,  1.6152e-10,  7.6516e-11,  2.1436e-06])})
23 | OrderedDict({'weights': tensor([-4.3663e-01, -4.3425e-01, -4.4044e-01, -4.3719e-01, -1.0302e-01,
        -4.3722e-01, -4.3810e-01, -4.4280e-01, -4.4064e-01, -1.0236e-01,
         1.9768e-10,  2.5625e-10,  1.9100e-10,  9.4955e-11,  8.5174e-11,
         3.1798e-11,  4.3578e-11,  6.9560e-11,  3.2528e-11, -7.3841e-05])})
24 | OrderedDict({'weights': tensor([-4.4607e-01, -4.4328e-01, -4.4920e-01, -4.4640e-01, -1.0289e-01,
        -4.4540e-01, -4.4631e-01, -4.5086e-01, -4.4965e-01, -9.8703e-02,
         8.8961e-11,  1.1605e-10,  8.5774e-11,  4.1877e-11,  3.7984e-11,
         1.3901e-11,  1.9407e-11,  3.0096e-11,  1.3899e-11, -4.6027e-05])})
25 | OrderedDict({'weights': tensor([-4.3890e-01, -4.3714e-01, -4.4128e-01, -4.3922e-01, -1.0707e-01,
        -4.3945e-01, -4.3913e-01, -4.4264e-01, -4.4158e-01, -1.0698e-01,
         4.0389e-11,  5.3004e-11,  3.8871e-11,  1.8621e-11,  1.7072e-11,
         6.1272e-12,  8.7069e-12,  1.3117e-11,  5.9726e-12,  6.1118e-05])})
26 | OrderedDict({'weights': tensor([-4.3699e-01, -4.3471e-01, -4.4053e-01, -4.3697e-01, -1.0883e-01,
        -4.3734e-01, -4.3691e-01, -4.4224e-01, -4.3995e-01, -1.0792e-01,
         1.8164e-11,  2.3957e-11,  1.7445e-11,  8.2004e-12,  7.5985e-12,
         2.6770e-12,  3.8660e-12,  5.6719e-12,  2.5459e-12, -3.1811e-05])})
27 | OrderedDict({'weights': tensor([-4.2016e-01, -4.1781e-01, -4.2377e-01, -4.2021e-01, -1.1026e-01,
        -4.2089e-01, -4.1943e-01, -4.2438e-01, -4.2176e-01, -1.0621e-01,
         8.2608e-12,  1.0950e-11,  7.9227e-12,  3.6496e-12,  3.4174e-12,
         1.1815e-12,  1.7339e-12,  2.4776e-12,  1.0960e-12, -3.4793e-05])})
28 | OrderedDict({'weights': tensor([-4.1506e-01, -4.1219e-01, -4.1977e-01, -4.1496e-01, -1.0301e-01,
        -4.1525e-01, -4.1457e-01, -4.2075e-01, -4.1718e-01, -1.0279e-01,
         3.7203e-12,  4.9510e-12,  3.5618e-12,  1.6099e-12,  1.5213e-12,
         5.1690e-13,  7.6911e-13,  1.0732e-12,  4.6805e-13, -6.7275e-05])})
29 | OrderedDict({'weights': tensor([-4.2158e-01, -4.1848e-01, -4.2609e-01, -4.2044e-01, -1.0405e-01,
        -4.2076e-01, -4.2092e-01, -4.2726e-01, -4.2357e-01, -1.0215e-01,
         1.6978e-12,  2.2683e-12,  1.6252e-12,  7.2337e-13,  6.8574e-13,
         2.2978e-13,  3.4511e-13,  4.7024e-13,  2.0234e-13, -1.0582e-04])})
30 | OrderedDict({'weights': tensor([-4.2752e-01, -4.2386e-01, -4.3150e-01, -4.2600e-01, -1.0638e-01,
        -4.2641e-01, -4.2766e-01, -4.3328e-01, -4.3040e-01, -1.0614e-01,
         7.7572e-13,  1.0399e-12,  7.4125e-13,  3.2293e-13,  3.0918e-13,
         1.0175e-13,  1.5489e-13,  2.0613e-13,  8.7207e-14, -1.3872e-05])})
31 | OrderedDict({'weights': tensor([-4.2242e-01, -4.1917e-01, -4.2572e-01, -4.2121e-01, -1.0769e-01,
        -4.1975e-01, -4.2019e-01, -4.2506e-01, -4.2321e-01, -1.0726e-01,
         3.5426e-13,  4.7625e-13,  3.3783e-13,  1.4402e-13,  1.3912e-13,
         4.5036e-14,  6.9406e-14,  9.0327e-14,  3.7555e-14,  7.1409e-05])})
32 | OrderedDict({'weights': tensor([-4.2991e-01, -4.2643e-01, -4.3346e-01, -4.2859e-01, -1.0858e-01,
        -4.2804e-01, -4.2838e-01, -4.3420e-01, -4.3155e-01, -1.0953e-01,
         1.5944e-13,  2.1485e-13,  1.5178e-13,  6.3471e-14,  6.1791e-14,
         1.9703e-14,  3.0679e-14,  3.9126e-14,  1.6011e-14, -5.1638e-06])})
33 | OrderedDict({'weights': tensor([-4.1524e-01, -4.1169e-01, -4.1944e-01, -4.1493e-01, -1.0671e-01,
        -4.1480e-01, -4.1377e-01, -4.2015e-01, -4.1667e-01, -1.0660e-01,
         7.3461e-14,  9.9195e-14,  6.9785e-14,  2.8577e-14,  2.8027e-14,
         8.7976e-15,  1.3835e-14,  1.7273e-14,  6.9397e-15, -7.3983e-05])})
34 | OrderedDict({'weights': tensor([-4.2752e-01, -4.2364e-01, -4.3082e-01, -4.2552e-01, -1.0683e-01,
        -4.2591e-01, -4.2692e-01, -4.3236e-01, -4.2937e-01, -1.0943e-01,
         3.3639e-14,  4.5513e-14,  3.1908e-14,  1.2791e-14,  1.2640e-14,
         3.9062e-15,  6.2034e-15,  7.5960e-15,  2.9964e-15, -1.8862e-05])})
35 | OrderedDict({'weights': tensor([-4.3449e-01, -4.3145e-01, -4.3837e-01, -4.3309e-01, -1.0759e-01,
        -4.3336e-01, -4.3508e-01, -4.4007e-01, -4.3682e-01, -1.0825e-01,
         1.5503e-14,  2.1020e-14,  1.4704e-14,  5.7857e-15,  5.7363e-15,
         1.7498e-15,  2.7971e-15,  3.3598e-15,  1.3016e-15, -8.2552e-05])})
36 | OrderedDict({'weights': tensor([-4.3522e-01, -4.3338e-01, -4.3866e-01, -4.3504e-01, -1.1955e-01,
        -4.3595e-01, -4.3634e-01, -4.4098e-01, -4.3752e-01, -1.1510e-01,
         7.1586e-15,  9.7240e-15,  6.7909e-15,  2.6275e-15,  2.6079e-15,
         7.8680e-16,  1.2625e-15,  1.4890e-15,  5.6613e-16,  2.7180e-06])})
37 | OrderedDict({'weights': tensor([-4.3794e-01, -4.3604e-01, -4.4041e-01, -4.3677e-01, -1.1184e-01,
        -4.3753e-01, -4.3746e-01, -4.4199e-01, -4.3924e-01, -1.0862e-01,
         3.2347e-15,  4.4003e-15,  3.0672e-15,  1.1657e-15,  1.1607e-15,
         3.4604e-16,  5.5804e-16,  6.4754e-16,  2.4212e-16, -1.3861e-04])})
38 | OrderedDict({'weights': tensor([-4.4238e-01, -4.4011e-01, -4.4538e-01, -4.4111e-01, -1.1243e-01,
        -4.4187e-01, -4.4300e-01, -4.4755e-01, -4.4447e-01, -1.1130e-01,
         1.4549e-15,  1.9815e-15,  1.3786e-15,  5.1423e-16,  5.1445e-16,
         1.5165e-16,  2.4574e-16,  2.8084e-16,  1.0326e-16, -8.6360e-05])})
39 | OrderedDict({'weights': tensor([-4.5221e-01, -4.4903e-01, -4.5542e-01, -4.5045e-01, -1.0319e-01,
        -4.5141e-01, -4.5260e-01, -4.5795e-01, -4.5436e-01, -1.0249e-01,
         6.5810e-16,  8.9735e-16,  6.2295e-16,  2.2744e-16,  2.2918e-16,
         6.6629e-17,  1.0873e-16,  1.2237e-16,  4.4140e-17, -2.0055e-04])})
40 | OrderedDict({'weights': tensor([-4.2806e-01, -4.2667e-01, -4.3201e-01, -4.2827e-01, -1.0940e-01,
        -4.2814e-01, -4.2662e-01, -4.3175e-01, -4.2850e-01, -1.1165e-01,
         3.0081e-16,  4.1062e-16,  2.8451e-16,  1.0159e-16,  1.0309e-16,
         2.9564e-17,  4.8573e-17,  5.3829e-17,  1.9014e-17,  4.8019e-05])})
41 | OrderedDict({'weights': tensor([-4.3854e-01, -4.3585e-01, -4.4314e-01, -4.3797e-01, -1.1229e-01,
        -4.3783e-01, -4.3720e-01, -4.4307e-01, -4.3853e-01, -1.1369e-01,
         1.3748e-16,  1.8785e-16,  1.2992e-16,  4.5306e-17,  4.6342e-17,
         1.3096e-17,  2.1661e-17,  2.3661e-17,  8.1845e-18,  1.1882e-05])})
42 | OrderedDict({'weights': tensor([-4.2973e-01, -4.2714e-01, -4.3434e-01, -4.2955e-01, -1.0622e-01,
        -4.2922e-01, -4.2752e-01, -4.3347e-01, -4.2904e-01, -1.0851e-01,
         6.3038e-17,  8.6189e-17,  5.9530e-17,  2.0376e-17,  2.0883e-17,
         5.8390e-18,  9.6824e-18,  1.0429e-17,  3.5392e-18, -1.3267e-04])})
43 | OrderedDict({'weights': tensor([-4.2466e-01, -4.2201e-01, -4.2744e-01, -4.2442e-01, -1.0960e-01,
        -4.2421e-01, -4.2338e-01, -4.2778e-01, -4.2503e-01, -1.1000e-01,
         2.9176e-17,  3.9918e-17,  2.7519e-17,  9.1770e-18,  9.4876e-18,
         2.6140e-18,  4.3624e-18,  4.6333e-18,  1.5372e-18, -2.1953e-05])})
44 | OrderedDict({'weights': tensor([-4.2206e-01, -4.1856e-01, -4.2652e-01, -4.2062e-01, -1.0691e-01,
        -4.2111e-01, -4.2073e-01, -4.2724e-01, -4.2233e-01, -1.0864e-01,
         1.3247e-17,  1.8137e-17,  1.2490e-17,  4.0759e-18,  4.2377e-18,
         1.1536e-18,  1.9345e-18,  2.0285e-18,  6.5849e-19, -8.1503e-05])})
45 | OrderedDict({'weights': tensor([-4.2181e-01, -4.1898e-01, -4.2513e-01, -4.2030e-01, -1.0780e-01,
        -4.2016e-01, -4.2179e-01, -4.2634e-01, -4.2361e-01, -1.1013e-01,
         6.1464e-18,  8.4197e-18,  5.7945e-18,  1.8559e-18,  1.9294e-18,
         5.1998e-19,  8.7304e-19,  9.0375e-19,  2.8680e-19, -6.3102e-05])})
46 | OrderedDict({'weights': tensor([-4.2135e-01, -4.1928e-01, -4.2482e-01, -4.2048e-01, -1.0679e-01,
        -4.1966e-01, -4.2182e-01, -4.2622e-01, -4.2408e-01, -1.0939e-01,
         2.7779e-18,  3.8054e-18,  2.6162e-18,  8.2342e-19,  8.5688e-19,
         2.2878e-19,  3.8474e-19,  3.9377e-19,  1.2240e-19, -4.9123e-05])})
47 | OrderedDict({'weights': tensor([-4.3305e-01, -4.2992e-01, -4.3530e-01, -4.3098e-01, -1.1266e-01,
        -4.3115e-01, -4.3277e-01, -4.3730e-01, -4.3490e-01, -1.0889e-01,
         1.2536e-18,  1.7176e-18,  1.1793e-18,  3.6247e-19,  3.8004e-19,
         1.0015e-19,  1.6926e-19,  1.7136e-19,  5.2063e-20, -6.7786e-05])})
48 | OrderedDict({'weights': tensor([-4.3687e-01, -4.3413e-01, -4.4031e-01, -4.3565e-01, -1.1108e-01,
        -4.3540e-01, -4.3680e-01, -4.4212e-01, -4.3900e-01, -1.0377e-01,
         5.7540e-19,  7.8850e-19,  5.4078e-19,  1.6263e-19,  1.7122e-19,
         4.4593e-20,  7.5592e-20,  7.5691e-20,  2.2486e-20, -1.4734e-04])})
49 | OrderedDict({'weights': tensor([-4.3352e-01, -4.3076e-01, -4.3782e-01, -4.3373e-01, -1.0982e-01,
        -4.3217e-01, -4.3267e-01, -4.3781e-01, -4.3470e-01, -1.0840e-01,
         2.6593e-19,  3.6449e-19,  2.4984e-19,  7.3626e-20,  7.7632e-20,
         2.0010e-20,  3.3961e-20,  3.3643e-20,  9.7724e-21, -7.6804e-05])})
50 | OrderedDict({'weights': tensor([-4.3216e-01, -4.2827e-01, -4.3688e-01, -4.3255e-01, -1.0568e-01,
        -4.3213e-01, -4.3144e-01, -4.3780e-01, -4.3424e-01, -1.0477e-01,
         1.2114e-19,  1.6606e-19,  1.1377e-19,  3.2928e-20,  3.4739e-20,
         8.8729e-21,  1.5059e-20,  1.4773e-20,  4.2078e-21, -1.3372e-04])})
51 | OrderedDict({'weights': tensor([-4.4169e-01, -4.3869e-01, -4.4682e-01, -4.4107e-01, -1.0457e-01,
        -4.4052e-01, -4.4029e-01, -4.4631e-01, -4.4194e-01, -1.0784e-01,
         5.4790e-20,  7.5122e-20,  5.1426e-20,  1.4533e-20,  1.5434e-20,
         3.8946e-21,  6.6315e-21,  6.4464e-21,  1.7972e-21,  3.2954e-05])})
52 | OrderedDict({'weights': tensor([-4.3195e-01, -4.2898e-01, -4.3767e-01, -4.3256e-01, -1.0567e-01,
        -4.3149e-01, -4.3118e-01, -4.3760e-01, -4.3374e-01, -1.0840e-01,
         2.4631e-20,  3.3772e-20,  2.3110e-20,  6.4189e-21,  6.8184e-21,
         1.7070e-21,  2.9061e-21,  2.8001e-21,  7.6394e-22, -1.1068e-06])})
53 | OrderedDict({'weights': tensor([-4.2035e-01, -4.1774e-01, -4.2581e-01, -4.1923e-01, -1.0450e-01,
        -4.1973e-01, -4.1941e-01, -4.2634e-01, -4.2089e-01, -1.0578e-01,
         1.1153e-20,  1.5306e-20,  1.0478e-20,  2.8459e-21,  3.0361e-21,
         7.5162e-22,  1.2828e-21,  1.2256e-21,  3.2699e-22, -2.2358e-05])})
54 | OrderedDict({'weights': tensor([-4.1397e-01, -4.0996e-01, -4.1715e-01, -4.1118e-01, -1.0800e-01,
        -4.1134e-01, -4.1022e-01, -4.1682e-01, -4.1287e-01, -1.0714e-01,
         4.9623e-21,  6.8114e-21,  4.6609e-21,  1.2406e-21,  1.3291e-21,
         3.2572e-22,  5.5709e-22,  5.2811e-22,  1.3794e-22,  2.4952e-05])})
55 | OrderedDict({'weights': tensor([-4.2062e-01, -4.1747e-01, -4.2376e-01, -4.1823e-01, -1.0983e-01,
        -4.1818e-01, -4.1921e-01, -4.2438e-01, -4.2155e-01, -1.0641e-01,
         2.2877e-21,  3.1399e-21,  2.1465e-21,  5.5573e-22,  6.0068e-22,
         1.4526e-22,  2.4950e-22,  2.3446e-22,  5.9508e-23, -5.8121e-05])})
56 | OrderedDict({'weights': tensor([-4.3715e-01, -4.3414e-01, -4.4067e-01, -4.3509e-01, -1.0731e-01,
        -4.3596e-01, -4.3817e-01, -4.4228e-01, -4.4002e-01, -1.0977e-01,
         1.0506e-21,  1.4420e-21,  9.8501e-22,  2.4812e-22,  2.7050e-22,
         6.4576e-23,  1.1137e-22,  1.0378e-22,  2.5653e-23, -7.8337e-05])})
57 | OrderedDict({'weights': tensor([-4.3772e-01, -4.3423e-01, -4.4154e-01, -4.3743e-01, -1.0780e-01,
        -4.3696e-01, -4.3762e-01, -4.4301e-01, -4.4056e-01, -1.0988e-01,
         4.8415e-22,  6.6449e-22,  4.5372e-22,  1.1162e-22,  1.2222e-22,
         2.8859e-23,  4.9868e-23,  4.6102e-23,  1.1068e-23, -5.7996e-05])})
58 | OrderedDict({'weights': tensor([-4.2793e-01, -4.2515e-01, -4.3183e-01, -4.2823e-01, -1.0976e-01,
        -4.2785e-01, -4.2684e-01, -4.3203e-01, -4.2999e-01, -1.0847e-01,
         2.1730e-22,  2.9829e-22,  2.0375e-22,  4.9406e-23,  5.3881e-23,
         1.2652e-23,  2.1806e-23,  2.0027e-23,  4.7129e-24, -5.8547e-05])})
59 | OrderedDict({'weights': tensor([-4.2786e-01, -4.2524e-01, -4.3128e-01, -4.2735e-01, -1.0373e-01,
        -4.2765e-01, -4.2750e-01, -4.3234e-01, -4.2947e-01, -1.0147e-01,
         9.7538e-23,  1.3390e-22,  9.1490e-23,  2.1894e-23,  2.3756e-23,
         5.5482e-24,  9.5326e-24,  8.6986e-24,  2.0064e-24, -1.7422e-04])})
60 | OrderedDict({'weights': tensor([-4.3252e-01, -4.2892e-01, -4.3459e-01, -4.3042e-01, -1.0616e-01,
        -4.3153e-01, -4.3066e-01, -4.3565e-01, -4.3259e-01, -1.0236e-01,
         4.4418e-23,  6.0976e-23,  4.1642e-23,  9.7082e-24,  1.0615e-23,
         2.4502e-24,  4.2212e-24,  3.8251e-24,  8.5727e-25, -1.1457e-04])})
61 | OrderedDict({'weights': tensor([-4.2134e-01, -4.1800e-01, -4.2467e-01, -4.2031e-01, -1.0769e-01,
        -4.2070e-01, -4.2069e-01, -4.2598e-01, -4.2320e-01, -1.0816e-01,
         2.0130e-23,  2.7641e-23,  1.8878e-23,  4.3058e-24,  4.7232e-24,
         1.0800e-24,  1.8615e-24,  1.6760e-24,  3.6570e-25, -4.8789e-06])})
62 | OrderedDict({'weights': tensor([-4.1719e-01, -4.1382e-01, -4.1995e-01, -4.1574e-01, -1.1033e-01,
        -4.1622e-01, -4.1660e-01, -4.2130e-01, -4.1878e-01, -1.0758e-01,
         9.1762e-24,  1.2598e-23,  8.6028e-24,  1.9277e-24,  2.1120e-24,
         4.7935e-25,  8.2454e-25,  7.3781e-25,  1.5719e-25, -5.1924e-05])})
63 | OrderedDict({'weights': tensor([-4.1988e-01, -4.1763e-01, -4.2314e-01, -4.1937e-01, -1.0372e-01,
        -4.2039e-01, -4.2276e-01, -4.2697e-01, -4.2506e-01, -1.0683e-01,
         4.2173e-24,  5.7905e-24,  3.9545e-24,  8.6788e-25,  9.5164e-25,
         2.1410e-25,  3.6803e-25,  3.2725e-25,  6.7867e-26, -7.3425e-05])})
64 | OrderedDict({'weights': tensor([-4.3113e-01, -4.2792e-01, -4.3396e-01, -4.2977e-01, -1.0966e-01,
        -4.2990e-01, -4.3079e-01, -4.3617e-01, -4.3416e-01, -1.0760e-01,
         1.9160e-24,  2.6306e-24,  1.7970e-24,  3.8899e-25,  4.2429e-25,
         9.4898e-26,  1.6252e-25,  1.4370e-25,  2.9080e-26, -9.6250e-05])})
65 | OrderedDict({'weights': tensor([-4.3488e-01, -4.3180e-01, -4.3758e-01, -4.3353e-01, -1.0854e-01,
        -4.3292e-01, -4.3424e-01, -4.3927e-01, -4.3694e-01, -1.0748e-01,
         8.8050e-25,  1.2092e-24,  8.2590e-25,  1.7389e-25,  1.9127e-25,
         4.2241e-26,  7.2529e-26,  6.3753e-26,  1.2521e-26, -1.9639e-05])})
66 | OrderedDict({'weights': tensor([-4.2955e-01, -4.2701e-01, -4.3215e-01, -4.2896e-01, -1.1127e-01,
        -4.2844e-01, -4.2865e-01, -4.3306e-01, -4.3112e-01, -1.1092e-01,
         3.9723e-25,  5.4572e-25,  3.7283e-25,  7.6616e-26,  8.4722e-26,
         1.8524e-26,  3.1842e-26,  2.7842e-26,  5.3332e-27,  3.8473e-05])})
67 | OrderedDict({'weights': tensor([-4.2724e-01, -4.2440e-01, -4.3086e-01, -4.2766e-01, -1.1023e-01,
        -4.2721e-01, -4.2787e-01, -4.3273e-01, -4.3169e-01, -1.0904e-01,
         1.8128e-25,  2.4902e-25,  1.7009e-25,  3.4177e-26,  3.7910e-26,
         8.2143e-27,  1.4110e-26,  1.2273e-26,  2.2899e-27, -9.6391e-05])})
68 | OrderedDict({'weights': tensor([-4.4236e-01, -4.3926e-01, -4.4609e-01, -4.4062e-01, -1.0319e-01,
        -4.4029e-01, -4.4227e-01, -4.4727e-01, -4.4434e-01, -1.0392e-01,
         8.4525e-26,  1.1605e-25,  7.9218e-26,  1.5518e-26,  1.7284e-26,
         3.7037e-27,  6.3661e-27,  5.5080e-27,  9.9734e-28, -1.3889e-04])})
69 | OrderedDict({'weights': tensor([-4.4724e-01, -4.4395e-01, -4.5058e-01, -4.4592e-01, -1.0304e-01,
        -4.4605e-01, -4.4766e-01, -4.5252e-01, -4.4995e-01, -1.0503e-01,
         3.8446e-26,  5.2799e-26,  3.6057e-26,  6.9346e-27,  7.7146e-27,
         1.6407e-27,  2.8154e-27,  2.4244e-27,  4.2792e-28, -4.4405e-05])})
70 | OrderedDict({'weights': tensor([-4.3797e-01, -4.3571e-01, -4.4140e-01, -4.3904e-01, -1.0621e-01,
        -4.3744e-01, -4.3687e-01, -4.4161e-01, -4.3940e-01, -1.0821e-01,
         1.7413e-26,  2.3915e-26,  1.6334e-26,  3.0853e-27,  3.4278e-27,
         7.2401e-28,  1.2396e-27,  1.0628e-27,  1.8334e-28, -5.4359e-05])})
71 | OrderedDict({'weights': tensor([-4.4036e-01, -4.3709e-01, -4.4354e-01, -4.4036e-01, -1.0924e-01,
        -4.3969e-01, -4.3934e-01, -4.4387e-01, -4.4146e-01, -1.0949e-01,
         8.0015e-27,  1.0990e-26,  7.5049e-27,  1.3746e-27,  1.5440e-27,
         3.2185e-28,  5.5281e-28,  4.7175e-28,  7.8908e-29, -4.0734e-05])})
72 | OrderedDict({'weights': tensor([-4.4120e-01, -4.3800e-01, -4.4569e-01, -4.4141e-01, -1.0339e-01,
        -4.4078e-01, -4.4038e-01, -4.4722e-01, -4.4341e-01, -1.0189e-01,
         3.7581e-27,  5.1621e-27,  3.5261e-27,  6.3216e-28,  7.0912e-28,
         1.4652e-28,  2.5116e-28,  2.1332e-28,  3.4611e-29, -1.7725e-04])})
73 | OrderedDict({'weights': tensor([-4.3795e-01, -4.3492e-01, -4.4286e-01, -4.3809e-01, -1.0328e-01,
        -4.3726e-01, -4.3742e-01, -4.4378e-01, -4.4029e-01, -1.0447e-01,
         1.6950e-27,  2.3285e-27,  1.5909e-27,  2.7956e-28,  3.1381e-28,
         6.4369e-29,  1.1016e-28,  9.3198e-29,  1.4718e-29, -1.2892e-04])})
74 | OrderedDict({'weights': tensor([-4.2763e-01, -4.2491e-01, -4.3316e-01, -4.2842e-01, -1.0318e-01,
        -4.2740e-01, -4.2685e-01, -4.3431e-01, -4.3066e-01, -1.0176e-01,
         7.7287e-28,  1.0613e-27,  7.2485e-28,  1.2466e-28,  1.4014e-28,
         2.8501e-29,  4.8736e-29,  4.1068e-29,  6.3183e-30, -1.6356e-04])})
75 | OrderedDict({'weights': tensor([-4.2727e-01, -4.2444e-01, -4.3142e-01, -4.2718e-01, -1.0550e-01,
        -4.2622e-01, -4.2614e-01, -4.3244e-01, -4.2909e-01, -1.0236e-01,
         3.5014e-28,  4.8082e-28,  3.2836e-28,  5.5088e-29,  6.2245e-29,
         1.2537e-29,  2.1444e-29,  1.8001e-29,  2.6885e-30, -7.7621e-05])})
76 | OrderedDict({'weights': tensor([-4.3676e-01, -4.3276e-01, -4.4061e-01, -4.3474e-01, -1.0093e-01,
        -4.3426e-01, -4.3463e-01, -4.4051e-01, -4.3607e-01, -1.0210e-01,
         1.6068e-28,  2.2059e-28,  1.5059e-28,  2.4541e-29,  2.7949e-29,
         5.5658e-30,  9.5332e-30,  7.9721e-30,  1.1513e-30, -4.5194e-05])})
77 | OrderedDict({'weights': tensor([-4.3347e-01, -4.2991e-01, -4.3763e-01, -4.3274e-01, -1.0605e-01,
        -4.3151e-01, -4.3190e-01, -4.3834e-01, -4.3454e-01, -1.0583e-01,
         7.4790e-29,  1.0268e-28,  7.0077e-29,  1.1013e-29,  1.2724e-29,
         2.4990e-30,  4.2981e-30,  3.5800e-30,  4.9742e-31,  3.6595e-05])})
78 | OrderedDict({'weights': tensor([-4.2656e-01, -4.2410e-01, -4.3112e-01, -4.2545e-01, -1.0457e-01,
        -4.2559e-01, -4.2697e-01, -4.3313e-01, -4.2903e-01, -1.0648e-01,
         3.4078e-29,  4.6800e-29,  3.1961e-29,  4.9424e-30,  5.6811e-30,
         1.1099e-30,  1.9029e-30,  1.5800e-30,  2.1374e-31,  3.5332e-05])})
79 | OrderedDict({'weights': tensor([-4.2579e-01, -4.2291e-01, -4.2863e-01, -4.2383e-01, -1.0883e-01,
        -4.2386e-01, -4.2471e-01, -4.3002e-01, -4.2698e-01, -1.0638e-01,
         1.5298e-29,  2.1010e-29,  1.4349e-29,  2.1709e-30,  2.5019e-30,
         4.8504e-31,  8.3100e-31,  6.8786e-31,  9.0388e-32, -4.5287e-05])})
80 | OrderedDict({'weights': tensor([-4.3725e-01, -4.3398e-01, -4.4143e-01, -4.3516e-01, -1.1228e-01,
        -4.3504e-01, -4.3672e-01, -4.4306e-01, -4.3915e-01, -1.0907e-01,
         7.1069e-30,  9.7606e-30,  6.6687e-30,  9.9355e-31,  1.1366e-30,
         2.1909e-31,  3.7375e-31,  3.0837e-31,  3.9326e-32, -5.5417e-05])})
81 | OrderedDict({'weights': tensor([-4.1915e-01, -4.1648e-01, -4.2353e-01, -4.1840e-01, -1.1081e-01,
        -4.1823e-01, -4.1754e-01, -4.2440e-01, -4.2037e-01, -1.0802e-01,
         3.1378e-30,  4.3108e-30,  2.9464e-30,  4.3005e-31,  4.9311e-31,
         9.4489e-32,  1.6094e-31,  1.3243e-31,  1.6447e-32, -6.7849e-05])})
82 | OrderedDict({'weights': tensor([-4.2763e-01, -4.2414e-01, -4.3103e-01, -4.2663e-01, -1.0922e-01,
        -4.2699e-01, -4.2755e-01, -4.3350e-01, -4.3032e-01, -1.0908e-01,
         1.4495e-30,  1.9911e-30,  1.3607e-30,  1.9277e-31,  2.2284e-31,
         4.2249e-32,  7.2025e-32,  5.9080e-32,  7.1024e-33, -1.0988e-04])})
83 | OrderedDict({'weights': tensor([-4.2415e-01, -4.2049e-01, -4.2788e-01, -4.2371e-01, -1.1108e-01,
        -4.2267e-01, -4.2065e-01, -4.2691e-01, -4.2381e-01, -1.1032e-01,
         6.5088e-31,  8.9394e-31,  6.1074e-31,  8.4012e-32,  9.8087e-32,
         1.8409e-32,  3.1447e-32,  2.5720e-32,  2.9925e-33, -6.1383e-05])})
84 | OrderedDict({'weights': tensor([-4.2877e-01, -4.2495e-01, -4.3185e-01, -4.2666e-01, -1.0448e-01,
        -4.2629e-01, -4.2614e-01, -4.3166e-01, -4.2863e-01, -1.0420e-01,
         2.9773e-31,  4.0885e-31,  2.7936e-31,  3.7924e-32,  4.3912e-32,
         8.2033e-33,  1.3947e-32,  1.1378e-32,  1.2906e-33, -1.4786e-04])})
85 | OrderedDict({'weights': tensor([-4.1485e-01, -4.1173e-01, -4.1893e-01, -4.1327e-01, -1.0943e-01,
        -4.1284e-01, -4.1250e-01, -4.1875e-01, -4.1475e-01, -1.0571e-01,
         1.3232e-31,  1.8168e-31,  1.2414e-31,  1.6516e-32,  1.9153e-32,
         3.5546e-33,  6.0391e-33,  4.9147e-33,  5.4109e-34, -8.9679e-05])})
86 | OrderedDict({'weights': tensor([-4.1897e-01, -4.1561e-01, -4.2203e-01, -4.1673e-01, -1.0803e-01,
        -4.1681e-01, -4.1779e-01, -4.2313e-01, -4.2020e-01, -1.0723e-01,
         6.0142e-32,  8.2573e-32,  5.6410e-32,  7.2837e-33,  8.5229e-33,
         1.5663e-33,  2.6638e-33,  2.1626e-33,  2.2998e-34, -6.7248e-05])})
87 | OrderedDict({'weights': tensor([-4.2831e-01, -4.2484e-01, -4.3243e-01, -4.2673e-01, -1.0625e-01,
        -4.2617e-01, -4.2714e-01, -4.3335e-01, -4.2973e-01, -1.0870e-01,
         2.7232e-32,  3.7398e-32,  2.5559e-32,  3.2303e-33,  3.7818e-33,
         6.8998e-34,  1.1719e-33,  9.4927e-34,  9.7864e-35, -3.9140e-05])})
88 | OrderedDict({'weights': tensor([-4.1812e-01, -4.1539e-01, -4.2315e-01, -4.1817e-01, -1.1168e-01,
        -4.1746e-01, -4.1734e-01, -4.2371e-01, -4.2012e-01, -1.1193e-01,
         1.2225e-32,  1.6788e-32,  1.1476e-32,  1.4340e-33,  1.6640e-33,
         3.0271e-34,  5.1153e-34,  4.1344e-34,  4.1599e-35, -2.0140e-05])})
89 | OrderedDict({'weights': tensor([-4.1566e-01, -4.1336e-01, -4.1939e-01, -4.1515e-01, -1.0731e-01,
        -4.1418e-01, -4.1506e-01, -4.1941e-01, -4.1693e-01, -1.0660e-01,
         5.5518e-33,  7.6245e-33,  5.2121e-33,  6.3197e-34,  7.3985e-34,
         1.3326e-34,  2.2546e-34,  1.8183e-34,  1.7797e-35, -9.9343e-05])})
90 | OrderedDict({'weights': tensor([-4.2375e-01, -4.2120e-01, -4.2854e-01, -4.2361e-01, -1.0844e-01,
        -4.2367e-01, -4.2566e-01, -4.3063e-01, -4.2767e-01, -1.0607e-01,
         2.5830e-33,  3.5460e-33,  2.4224e-33,  2.7985e-34,  3.3612e-34,
         5.9611e-35,  1.0148e-34,  8.1648e-35,  7.6990e-36, -1.4527e-04])})
91 | OrderedDict({'weights': tensor([-4.2645e-01, -4.2317e-01, -4.3059e-01, -4.2522e-01, -1.0399e-01,
        -4.2479e-01, -4.2530e-01, -4.3120e-01, -4.2743e-01, -1.0545e-01,
         1.1657e-33,  1.6008e-33,  1.0941e-33,  1.2335e-34,  1.4851e-34,
         2.6163e-35,  4.4497e-35,  3.5730e-35,  3.2480e-36, -9.0087e-05])})
92 | OrderedDict({'weights': tensor([-4.1739e-01, -4.1497e-01, -4.2114e-01, -4.1694e-01, -1.0523e-01,
        -4.1674e-01, -4.1658e-01, -4.2223e-01, -4.1860e-01, -1.0704e-01,
         5.2660e-34,  7.2330e-34,  4.9449e-34,  5.4485e-35,  6.5666e-35,
         1.1497e-35,  1.9526e-35,  1.5649e-35,  1.3812e-36, -9.3396e-05])})
93 | OrderedDict({'weights': tensor([-4.3144e-01, -4.2871e-01, -4.3513e-01, -4.3091e-01, -1.0582e-01,
        -4.3064e-01, -4.3239e-01, -4.3789e-01, -4.3560e-01, -1.0210e-01,
         2.4502e-34,  3.3658e-34,  2.3014e-34,  2.4609e-35,  2.9833e-35,
         5.1761e-36,  8.7896e-36,  7.0305e-36,  5.9864e-37, -1.7224e-04])})
94 | OrderedDict({'weights': tensor([-4.3406e-01, -4.3222e-01, -4.3804e-01, -4.3450e-01, -1.0676e-01,
        -4.3362e-01, -4.3654e-01, -4.4106e-01, -4.3938e-01, -1.0544e-01,
         1.1073e-34,  1.5216e-34,  1.0409e-34,  1.0847e-35,  1.3204e-35,
         2.2731e-36,  3.8611e-36,  3.0829e-36,  2.5454e-37,  2.5049e-05])})
95 | OrderedDict({'weights': tensor([-4.4277e-01, -4.4028e-01, -4.4713e-01, -4.4268e-01, -1.0450e-01,
        -4.4274e-01, -4.4519e-01, -4.4974e-01, -4.4731e-01, -1.0872e-01,
         5.0752e-35,  6.9738e-35,  4.7701e-35,  4.7665e-36,  5.9126e-36,
         1.0060e-36,  1.7155e-36,  1.3671e-36,  1.0865e-37,  6.8417e-05])})
96 | OrderedDict({'weights': tensor([-4.4282e-01, -4.4079e-01, -4.4670e-01, -4.4218e-01, -1.1211e-01,
        -4.4247e-01, -4.4365e-01, -4.4832e-01, -4.4580e-01, -1.1120e-01,
         2.2566e-35,  3.1013e-35,  2.1217e-35,  2.0530e-36,  2.5762e-36,
         4.3474e-37,  7.4270e-37,  5.9088e-37,  4.5409e-38,  3.7244e-05])})
97 | OrderedDict({'weights': tensor([-4.3645e-01, -4.3454e-01, -4.3996e-01, -4.3619e-01, -1.0379e-01,
        -4.3609e-01, -4.3556e-01, -4.4020e-01, -4.3690e-01, -1.0784e-01,
         1.0451e-35,  1.4363e-35,  9.8278e-36,  9.3606e-37,  1.1642e-36,
         1.9573e-37,  3.3308e-37,  2.6451e-37,  1.9660e-38, -1.1142e-04])})
98 | OrderedDict({'weights': tensor([-4.2908e-01, -4.2706e-01, -4.3234e-01, -4.2871e-01, -1.0722e-01,
        -4.2775e-01, -4.2756e-01, -4.3237e-01, -4.2908e-01, -1.0879e-01,
         4.8019e-36,  6.5989e-36,  4.5157e-36,  4.2054e-37,  5.2217e-37,
         8.7298e-38,  1.4825e-37,  1.1754e-37,  8.4478e-39, -1.2331e-05])})
99 | OrderedDict({'weights': tensor([-4.0690e-01, -4.0487e-01, -4.1220e-01, -4.0691e-01, -1.0097e-01,
        -4.0660e-01, -4.0615e-01, -4.1289e-01, -4.0806e-01, -1.0010e-01,
         2.1640e-36,  2.9748e-36,  2.0365e-36,  1.8439e-37,  2.3017e-37,
         3.8195e-38,  6.4881e-38,  5.1365e-38,  3.5763e-39, -8.4978e-05])})
100 | OrderedDict({'weights': tensor([-4.1416e-01, -4.1132e-01, -4.1859e-01, -4.1353e-01, -9.8805e-02,
        -4.1327e-01, -4.1401e-01, -4.1928e-01, -4.1522e-01, -1.0076e-01,
         9.8793e-37,  1.3578e-36,  9.2940e-37,  8.1980e-38,  1.0260e-37,
         1.6928e-38,  2.8712e-38,  2.2698e-38,  1.5256e-39, -1.6415e-05])})
101 | OrderedDict({'weights': tensor([-4.1495e-01, -4.1151e-01, -4.1913e-01, -4.1434e-01, -1.0207e-01,
        -4.1456e-01, -4.1426e-01, -4.1984e-01, -4.1582e-01, -1.0149e-01,
         4.4707e-37,  6.1462e-37,  4.2085e-37,  3.5891e-38,  4.5417e-38,
         7.4331e-39,  1.2628e-38,  9.9692e-39,  6.4364e-40,  1.6158e-05])})
102 | OrderedDict({'weights': tensor([-4.1618e-01, -4.1354e-01, -4.2082e-01, -4.1539e-01, -1.0492e-01,
        -4.1485e-01, -4.1619e-01, -4.2145e-01, -4.1754e-01, -1.0552e-01,
         2.0143e-37,  2.7690e-37,  1.8958e-37,  1.5567e-38,  1.9999e-38,
         3.2443e-39,  5.5244e-39,  4.3554e-39,  2.6842e-40,  4.5092e-05])})
103 | OrderedDict({'weights': tensor([-4.1428e-01, -4.1121e-01, -4.1978e-01, -4.1412e-01, -1.0448e-01,
        -4.1306e-01, -4.1408e-01, -4.2090e-01, -4.1697e-01, -1.0337e-01,
         9.3392e-38,  1.2836e-37,  8.7868e-38,  7.0291e-39,  9.0353e-39,
         1.4577e-39,  2.4784e-39,  1.9514e-39,  1.1607e-40,  2.3919e-05])})
104 | OrderedDict({'weights': tensor([-4.1695e-01, -4.1414e-01, -4.2245e-01, -4.1668e-01, -1.0544e-01,
        -4.1646e-01, -4.1689e-01, -4.2402e-01, -4.1896e-01, -1.0756e-01,
         4.1683e-38,  5.7287e-38,  3.9221e-38,  3.0920e-39,  3.9447e-39,
         6.3549e-40,  1.0759e-39,  8.4607e-40,  4.8799e-41,  2.2093e-05])})
105 | OrderedDict({'weights': tensor([-4.1780e-01, -4.1466e-01, -4.2692e-01, -4.1745e-01, -1.0985e-01,
        -4.1659e-01, -4.1756e-01, -4.2837e-01, -4.1915e-01, -1.1342e-01,
         1.8533e-38,  2.5485e-38,  1.7460e-38,  1.3324e-39,  1.7179e-39,
         2.7488e-40,  4.6558e-40,  3.6584e-40,  2.0341e-41, -8.5391e-07])})
106 | OrderedDict({'weights': tensor([-4.3528e-01, -4.3098e-01, -4.4070e-01, -4.3334e-01, -1.0963e-01,
        -4.3420e-01, -4.3578e-01, -4.4343e-01, -4.3747e-01, -1.1452e-01,
         8.5881e-39,  1.1814e-38,  8.0981e-39,  6.0399e-40,  7.7644e-40,
         1.2365e-40,  2.0898e-40,  1.6405e-40,  8.8086e-42, -3.1529e-05])})
107 | OrderedDict({'weights': tensor([-4.3620e-01, -4.3357e-01, -4.4116e-01, -4.3572e-01, -1.1274e-01,
        -4.3656e-01, -4.3766e-01, -4.4373e-01, -4.3900e-01, -1.1692e-01,
         3.9832e-39,  5.4796e-39,  3.7562e-39,  2.6829e-40,  3.5101e-40,
         5.5402e-41,  9.3830e-41,  7.3560e-41,  3.7275e-42, -1.0632e-04])})
108 | OrderedDict({'weights': tensor([-4.3784e-01, -4.3567e-01, -4.4219e-01, -4.3738e-01, -1.0335e-01,
        -4.3731e-01, -4.3837e-01, -4.4289e-01, -4.4030e-01, -1.0584e-01,
         1.7847e-39,  2.4553e-39,  1.6832e-39,  1.1710e-40,  1.5365e-40,
         2.4142e-41,  4.0842e-41,  3.1983e-41,  1.5638e-42, -1.4808e-04])})
109 | OrderedDict({'weights': tensor([-4.3140e-01, -4.2984e-01, -4.3722e-01, -4.3016e-01, -1.0656e-01,
        -4.3123e-01, -4.3244e-01, -4.3932e-01, -4.3398e-01, -1.0467e-01,
         8.0832e-40,  1.1123e-39,  7.6279e-40,  5.1365e-41,  6.7987e-41,
         1.0627e-41,  1.7969e-41,  1.4056e-41,  6.5861e-43, -9.7711e-05])})
110 | OrderedDict({'weights': tensor([-4.2654e-01, -4.2460e-01, -4.3120e-01, -4.2599e-01, -1.0601e-01,
        -4.2651e-01, -4.2648e-01, -4.3246e-01, -4.2834e-01, -1.0325e-01,
         3.6643e-40,  5.0439e-40,  3.4603e-40,  2.2538e-41,  3.0083e-41,
         4.6761e-42,  7.9033e-42,  6.1769e-42,  2.7746e-43, -8.6769e-05])})
111 | OrderedDict({'weights': tensor([-4.1818e-01, -4.1546e-01, -4.2141e-01, -4.1631e-01, -1.0751e-01,
        -4.1768e-01, -4.1736e-01, -4.2291e-01, -4.1925e-01, -1.0686e-01,
         1.6668e-40,  2.2946e-40,  1.5744e-40,  9.9212e-42,  1.3349e-41,
         2.0641e-42,  3.4892e-42,  2.7241e-42,  1.1771e-43,  2.0085e-05])})
112 | OrderedDict({'weights': tensor([-4.1967e-01, -4.1593e-01, -4.2269e-01, -4.1702e-01, -1.0279e-01,
        -4.1838e-01, -4.1908e-01, -4.2548e-01, -4.2177e-01, -1.0265e-01,
         7.7443e-41,  1.0661e-40,  7.3148e-41,  4.4477e-42,  6.0354e-42,
         9.2906e-43,  1.5681e-42,  1.2233e-42,  5.0447e-44, -1.0787e-04])})
113 | OrderedDict({'weights': tensor([-4.1480e-01, -4.1141e-01, -4.1786e-01, -4.1240e-01, -1.0577e-01,
        -4.1273e-01, -4.1335e-01, -4.1911e-01, -4.1595e-01, -1.0781e-01,
         3.4430e-41,  4.7388e-41,  3.2509e-41,  1.8707e-42,  2.6204e-42,
         3.9937e-43,  6.7683e-43,  5.2969e-43,  2.1019e-44,  1.3667e-05])})
114 | OrderedDict({'weights': tensor([-4.2125e-01, -4.1704e-01, -4.2493e-01, -4.1909e-01, -1.0693e-01,
        -4.1898e-01, -4.2074e-01, -4.2731e-01, -4.2380e-01, -1.0603e-01,
         1.5811e-41,  2.1762e-41,  1.4928e-41,  8.3798e-43,  1.1715e-42,
         1.7937e-43,  2.9988e-43,  2.3542e-43,  8.4078e-45, -7.8043e-05])})
115 | OrderedDict({'weights': tensor([-4.2886e-01, -4.2543e-01, -4.3255e-01, -4.2705e-01, -1.0635e-01,
        -4.2642e-01, -4.2698e-01, -4.3345e-01, -4.2988e-01, -1.0391e-01,
         7.0555e-42,  9.7110e-42,  6.6632e-42,  3.6013e-43,  5.1007e-43,
         7.7071e-44,  1.3032e-43,  1.0229e-43,  2.8026e-45, -1.2300e-04])})
116 | OrderedDict({'weights': tensor([-4.3813e-01, -4.3450e-01, -4.4155e-01, -4.3636e-01, -1.1061e-01,
        -4.3574e-01, -4.3664e-01, -4.4216e-01, -4.3927e-01, -1.0842e-01,
         3.2286e-42,  4.4435e-42,  3.0478e-42,  1.5134e-43,  2.2701e-43,
         3.3631e-44,  5.8855e-44,  4.6243e-44,  1.4013e-45, -8.1438e-06])})
117 | OrderedDict({'weights': tensor([-4.3961e-01, -4.3653e-01, -4.4337e-01, -4.3890e-01, -1.0612e-01,
        -4.3830e-01, -4.3870e-01, -4.4408e-01, -4.4155e-01, -1.0726e-01,
         1.4728e-42,  2.0263e-42,  1.3901e-42,  6.5861e-44,  1.0089e-43,
         1.5414e-44,  2.6625e-44,  2.1019e-44,  1.4013e-45, -1.6874e-05])})
118 | OrderedDict({'weights': tensor([-4.3197e-01, -4.2939e-01, -4.3503e-01, -4.3137e-01, -1.0084e-01,
        -4.3127e-01, -4.3096e-01, -4.3565e-01, -4.3318e-01, -1.0453e-01,
         6.6562e-43,  9.1785e-43,  6.2918e-43,  2.8026e-44,  4.4842e-44,
         5.6052e-45,  1.1210e-44,  8.4078e-45,  1.4013e-45, -6.6827e-05])})
119 | OrderedDict({'weights': tensor([-4.2217e-01, -4.1846e-01, -4.2456e-01, -4.2132e-01, -1.0365e-01,
        -4.2150e-01, -4.2047e-01, -4.2630e-01, -4.2416e-01, -1.0438e-01,
         3.0128e-43,  4.1478e-43,  2.8586e-43,  1.2612e-44,  1.9618e-44,
         2.8026e-45,  5.6052e-45,  4.2039e-45,  1.4013e-45, -8.5414e-05])})
120 | OrderedDict({'weights': tensor([-4.1604e-01, -4.1284e-01, -4.1888e-01, -4.1597e-01, -1.0369e-01,
        -4.1646e-01, -4.1577e-01, -4.2054e-01, -4.1822e-01, -1.1207e-01,
         1.3312e-43,  1.8497e-43,  1.2752e-43,  5.6052e-45,  8.4078e-45,
         1.4013e-45,  2.8026e-45,  1.4013e-45,  1.4013e-45, -8.0728e-06])})
121 | OrderedDict({'weights': tensor([-4.1194e-01, -4.0926e-01, -4.1557e-01, -4.1296e-01, -1.0444e-01,
        -4.1269e-01, -4.1323e-01, -4.1785e-01, -4.1556e-01, -1.0940e-01,
         6.0256e-44,  8.5479e-44,  5.7453e-44,  2.8026e-45,  4.2039e-45,
         1.4013e-45,  1.4013e-45,  1.4013e-45,  1.4013e-45, -1.1914e-04])})
122 | OrderedDict({'weights': tensor([-4.1850e-01, -4.1563e-01, -4.2250e-01, -4.1779e-01, -1.0997e-01,
        -4.1779e-01, -4.1965e-01, -4.2432e-01, -4.2189e-01, -1.1408e-01,
         2.6625e-44,  3.9236e-44,  2.6625e-44,  1.4013e-45,  1.4013e-45,
         1.4013e-45,  1.4013e-45,  1.4013e-45,  1.4013e-45, -1.4139e-05])})
123 | OrderedDict({'weights': tensor([-4.1710e-01, -4.1383e-01, -4.1966e-01, -4.1567e-01, -1.1449e-01,
        -4.1546e-01, -4.1631e-01, -4.1971e-01, -4.1789e-01, -1.1305e-01,
         1.1210e-44,  1.8217e-44,  1.1210e-44,  1.4013e-45,  1.4013e-45,
         1.4013e-45,  1.4013e-45,  1.4013e-45,  1.4013e-45, -1.1103e-04])})
124 | OrderedDict({'weights': tensor([-4.0949e-01, -4.0648e-01, -4.1170e-01, -4.0836e-01, -1.1412e-01,
        -4.0826e-01, -4.0936e-01, -4.1294e-01, -4.1091e-01, -1.1053e-01,
         5.6052e-45,  9.8091e-45,  5.6052e-45,  1.4013e-45,  1.4013e-45,
         1.4013e-45,  1.4013e-45,  1.4013e-45,  1.4013e-45, -1.1424e-04])})
125 | OrderedDict({'weights': tensor([-4.0830e-01, -4.0544e-01, -4.0954e-01, -4.0680e-01, -1.0715e-01,
        -4.0676e-01, -4.0680e-01, -4.1040e-01, -4.0814e-01, -1.0388e-01,
         2.8026e-45,  4.2039e-45,  2.8026e-45,  1.4013e-45,  1.4013e-45,
         1.4013e-45,  1.4013e-45,  1.4013e-45,  1.4013e-45, -1.2226e-04])})
126 | OrderedDict({'weights': tensor([-4.1577e-01, -4.1254e-01, -4.1786e-01, -4.1443e-01, -1.0604e-01,
        -4.1445e-01, -4.1494e-01, -4.1980e-01, -4.1665e-01, -1.0288e-01,
         1.4013e-45,  1.4013e-45,  1.4013e-45,  1.4013e-45,  1.4013e-45,
         1.4013e-45,  1.4013e-45,  1.4013e-45,  1.4013e-45, -1.1100e-04])})
127 | OrderedDict({'weights': tensor([-4.3722e-01, -4.3309e-01, -4.4061e-01, -4.3502e-01, -1.1031e-01,
        -4.3549e-01, -4.3761e-01, -4.4371e-01, -4.3987e-01, -1.0182e-01,
         1.4013e-45,  1.4013e-45,  1.4013e-45,  1.4013e-45,  1.4013e-45,
         1.4013e-45,  1.4013e-45,  1.4013e-45,  1.4013e-45, -1.8817e-04])})
128 | OrderedDict({'weights': tensor([-4.4648e-01, -4.4255e-01, -4.5076e-01, -4.4525e-01, -1.0168e-01,
        -4.4461e-01, -4.4717e-01, -4.5341e-01, -4.5020e-01, -9.8630e-02,
         1.4013e-45,  1.4013e-45,  1.4013e-45,  1.4013e-45,  1.4013e-45,
         1.4013e-45,  1.4013e-45,  1.4013e-45,  1.4013e-45, -1.8594e-04])})
129 | OrderedDict({'weights': tensor([-4.3547e-01, -4.3242e-01, -4.3988e-01, -4.3544e-01, -1.0422e-01,
        -4.3489e-01, -4.3560e-01, -4.4143e-01, -4.3750e-01, -1.0672e-01,
         1.4013e-45,  1.4013e-45,  1.4013e-45,  1.4013e-45,  1.4013e-45,
         1.4013e-45,  1.4013e-45,  1.4013e-45,  1.4013e-45, -5.8553e-05])})
130 | OrderedDict({'weights': tensor([-4.3395e-01, -4.3105e-01, -4.3720e-01, -4.3426e-01, -1.0688e-01,
        -4.3432e-01, -4.3425e-01, -4.3913e-01, -4.3690e-01, -1.1109e-01,
         1.4013e-45,  1.4013e-45,  1.4013e-45,  1.4013e-45,  1.4013e-45,
         1.4013e-45,  1.4013e-45,  1.4013e-45,  1.4013e-45, -1.0911e-06])})
131 | OrderedDict({'weights': tensor([-4.2637e-01, -4.2355e-01, -4.3034e-01, -4.2649e-01, -1.0759e-01,
        -4.2713e-01, -4.2702e-01, -4.3302e-01, -4.3005e-01, -1.1395e-01,
         1.4013e-45,  1.4013e-45,  1.4013e-45,  1.4013e-45,  1.4013e-45,
         1.4013e-45,  1.4013e-45,  1.4013e-45,  1.4013e-45, -1.1348e-05])})
132 | OrderedDict({'weights': tensor([-4.2535e-01, -4.2180e-01, -4.2894e-01, -4.2310e-01, -1.0768e-01,
        -4.2444e-01, -4.2373e-01, -4.3027e-01, -4.2662e-01, -1.0758e-01,
         1.4013e-45,  1.4013e-45,  1.4013e-45,  1.4013e-45,  1.4013e-45,
         1.4013e-45,  1.4013e-45,  1.4013e-45,  1.4013e-45, -1.5339e-04])})
133 | OrderedDict({'weights': tensor([-4.2941e-01, -4.2567e-01, -4.3297e-01, -4.2740e-01, -1.0617e-01,
        -4.2756e-01, -4.2786e-01, -4.3338e-01, -4.3040e-01, -1.1012e-01,
         1.4013e-45,  1.4013e-45,  1.4013e-45,  1.4013e-45,  1.4013e-45,
         1.4013e-45,  1.4013e-45,  1.4013e-45,  1.4013e-45, -6.4617e-05])})
134 | OrderedDict({'weights': tensor([-4.3580e-01, -4.3202e-01, -4.3932e-01, -4.3390e-01, -1.0281e-01,
        -4.3413e-01, -4.3479e-01, -4.4107e-01, -4.3790e-01, -1.0477e-01,
         1.4013e-45,  1.4013e-45,  1.4013e-45,  1.4013e-45,  1.4013e-45,
         1.4013e-45,  1.4013e-45,  1.4013e-45,  1.4013e-45, -1.5442e-04])})
135 | OrderedDict({'weights': tensor([-4.1778e-01, -4.1397e-01, -4.2030e-01, -4.1618e-01, -1.0811e-01,
        -4.1710e-01, -4.1606e-01, -4.2148e-01, -4.1874e-01, -1.0888e-01,
         1.4013e-45,  1.4013e-45,  1.4013e-45,  1.4013e-45,  1.4013e-45,
         1.4013e-45,  1.4013e-45,  1.4013e-45,  1.4013e-45, -3.7925e-05])})
136 | OrderedDict({'weights': tensor([-4.1423e-01, -4.1043e-01, -4.1779e-01, -4.1248e-01, -1.1152e-01,
        -4.1344e-01, -4.1262e-01, -4.1937e-01, -4.1506e-01, -1.1057e-01,
         1.4013e-45,  1.4013e-45,  1.4013e-45,  1.4013e-45,  1.4013e-45,
         1.4013e-45,  1.4013e-45,  1.4013e-45,  1.4013e-45, -5.2327e-05])})
137 | OrderedDict({'weights': tensor([-4.2395e-01, -4.2119e-01, -4.2792e-01, -4.2326e-01, -1.0786e-01,
        -4.2363e-01, -4.2424e-01, -4.2984e-01, -4.2641e-01, -1.0691e-01,
         1.4013e-45,  1.4013e-45,  1.4013e-45,  1.4013e-45,  1.4013e-45,
         1.4013e-45,  1.4013e-45,  1.4013e-45,  1.4013e-45, -1.3225e-04])})
138 | OrderedDict({'weights': tensor([-4.3272e-01, -4.3003e-01, -4.3604e-01, -4.3122e-01, -1.0841e-01,
        -4.3152e-01, -4.3299e-01, -4.3814e-01, -4.3463e-01, -1.0613e-01,
         1.4013e-45,  1.4013e-45,  1.4013e-45,  1.4013e-45,  1.4013e-45,
         1.4013e-45,  1.4013e-45,  1.4013e-45,  1.4013e-45, -8.2414e-05])})
139 | OrderedDict({'weights': tensor([-4.3594e-01, -4.3435e-01, -4.3968e-01, -4.3533e-01, -1.1382e-01,
        -4.3588e-01, -4.3688e-01, -4.4173e-01, -4.3778e-01, -1.0706e-01,
         1.4013e-45,  1.4013e-45,  1.4013e-45,  1.4013e-45,  1.4013e-45,
         1.4013e-45,  1.4013e-45,  1.4013e-45,  1.4013e-45, -1.0095e-04])})
140 | OrderedDict({'weights': tensor([-4.2473e-01, -4.2333e-01, -4.2990e-01, -4.2510e-01, -1.0745e-01,
        -4.2522e-01, -4.2560e-01, -4.3098e-01, -4.2749e-01, -1.0252e-01,
         1.4013e-45,  1.4013e-45,  1.4013e-45,  1.4013e-45,  1.4013e-45,
         1.4013e-45,  1.4013e-45,  1.4013e-45,  1.4013e-45, -1.5588e-04])})
141 | OrderedDict({'weights': tensor([-4.3661e-01, -4.3382e-01, -4.4006e-01, -4.3605e-01, -1.0514e-01,
        -4.3531e-01, -4.3622e-01, -4.4108e-01, -4.3890e-01, -1.0356e-01,
         1.4013e-45,  1.4013e-45,  1.4013e-45,  1.4013e-45,  1.4013e-45,
         1.4013e-45,  1.4013e-45,  1.4013e-45,  1.4013e-45, -9.4455e-05])})
142 | OrderedDict({'weights': tensor([-4.2780e-01, -4.2542e-01, -4.3200e-01, -4.2744e-01, -1.1027e-01,
        -4.2699e-01, -4.2728e-01, -4.3275e-01, -4.2999e-01, -1.1214e-01,
         1.4013e-45,  1.4013e-45,  1.4013e-45,  1.4013e-45,  1.4013e-45,
         1.4013e-45,  1.4013e-45,  1.4013e-45,  1.4013e-45,  9.7399e-05])})
143 | OrderedDict({'weights': tensor([-4.2892e-01, -4.2716e-01, -4.3228e-01, -4.2851e-01, -1.0729e-01,
        -4.2749e-01, -4.2822e-01, -4.3291e-01, -4.3005e-01, -1.0753e-01,
         1.4013e-45,  1.4013e-45,  1.4013e-45,  1.4013e-45,  1.4013e-45,
         1.4013e-45,  1.4013e-45,  1.4013e-45,  1.4013e-45, -3.1163e-05])})
144 | OrderedDict({'weights': tensor([-4.1387e-01, -4.1171e-01, -4.1654e-01, -4.1282e-01, -1.0641e-01,
        -4.1240e-01, -4.1281e-01, -4.1616e-01, -4.1429e-01, -1.1169e-01,
         1.4013e-45,  1.4013e-45,  1.4013e-45,  1.4013e-45,  1.4013e-45,
         1.4013e-45,  1.4013e-45,  1.4013e-45,  1.4013e-45, -4.3041e-07])})
145 | OrderedDict({'weights': tensor([-4.1590e-01, -4.1304e-01, -4.1978e-01, -4.1519e-01, -1.0693e-01,
        -4.1520e-01, -4.1499e-01, -4.1989e-01, -4.1665e-01, -1.1367e-01,
         1.4013e-45,  1.4013e-45,  1.4013e-45,  1.4013e-45,  1.4013e-45,
         1.4013e-45,  1.4013e-45,  1.4013e-45,  1.4013e-45,  6.3532e-05])})
146 | OrderedDict({'weights': tensor([-4.2809e-01, -4.2399e-01, -4.3268e-01, -4.2544e-01, -1.0774e-01,
        -4.2578e-01, -4.2642e-01, -4.3274e-01, -4.2760e-01, -1.1171e-01,
         1.4013e-45,  1.4013e-45,  1.4013e-45,  1.4013e-45,  1.4013e-45,
         1.4013e-45,  1.4013e-45,  1.4013e-45,  1.4013e-45,  2.4342e-06])})
147 | OrderedDict({'weights': tensor([-4.4148e-01, -4.3712e-01, -4.4473e-01, -4.3881e-01, -9.8105e-02,
        -4.4019e-01, -4.4124e-01, -4.4659e-01, -4.4210e-01, -1.0342e-01,
         1.4013e-45,  1.4013e-45,  1.4013e-45,  1.4013e-45,  1.4013e-45,
         1.4013e-45,  1.4013e-45,  1.4013e-45,  1.4013e-45, -1.4596e-04])})
148 | OrderedDict({'weights': tensor([-4.4262e-01, -4.3845e-01, -4.4701e-01, -4.4125e-01, -1.0061e-01,
        -4.4204e-01, -4.4320e-01, -4.4871e-01, -4.4487e-01, -1.0571e-01,
         1.4013e-45,  1.4013e-45,  1.4013e-45,  1.4013e-45,  1.4013e-45,
         1.4013e-45,  1.4013e-45,  1.4013e-45,  1.4013e-45, -2.0811e-05])})
149 | OrderedDict({'weights': tensor([-4.3325e-01, -4.2884e-01, -4.3560e-01, -4.3131e-01, -1.0454e-01,
        -4.3306e-01, -4.3258e-01, -4.3745e-01, -4.3511e-01, -1.0512e-01,
         1.4013e-45,  1.4013e-45,  1.4013e-45,  1.4013e-45,  1.4013e-45,
         1.4013e-45,  1.4013e-45,  1.4013e-45,  1.4013e-45, -7.4593e-05])})
150 | OrderedDict({'weights': tensor([-4.1788e-01, -4.1435e-01, -4.2329e-01, -4.1670e-01, -9.7621e-02,
        -4.1749e-01, -4.1749e-01, -4.2510e-01, -4.1972e-01, -1.0166e-01,
         1.4013e-45,  1.4013e-45,  1.4013e-45,  1.4013e-45,  1.4013e-45,
         1.4013e-45,  1.4013e-45,  1.4013e-45,  1.4013e-45, -1.0063e-04])})
151 | OrderedDict({'weights': tensor([-4.1139e-01, -4.0743e-01, -4.1551e-01, -4.0972e-01, -1.0067e-01,
        -4.0970e-01, -4.0922e-01, -4.1649e-01, -4.1157e-01, -1.0309e-01,
         1.4013e-45,  1.4013e-45,  1.4013e-45,  1.4013e-45,  1.4013e-45,
         1.4013e-45,  1.4013e-45,  1.4013e-45,  1.4013e-45, -2.1775e-05])})
152 | OrderedDict({'weights': tensor([-4.2056e-01, -4.1759e-01, -4.2506e-01, -4.1939e-01, -1.0620e-01,
        -4.1993e-01, -4.2041e-01, -4.2700e-01, -4.2290e-01, -1.0649e-01,
         1.4013e-45,  1.4013e-45,  1.4013e-45,  1.4013e-45,  1.4013e-45,
         1.4013e-45,  1.4013e-45,  1.4013e-45,  1.4013e-45, -3.6758e-05])})
153 | OrderedDict({'weights': tensor([-4.2508e-01, -4.2189e-01, -4.2996e-01, -4.2372e-01, -1.0762e-01,
        -4.2393e-01, -4.2615e-01, -4.3271e-01, -4.2828e-01, -1.1047e-01,
         1.4013e-45,  1.4013e-45,  1.4013e-45,  1.4013e-45,  1.4013e-45,
         1.4013e-45,  1.4013e-45,  1.4013e-45,  1.4013e-45,  1.6623e-05])})
154 | OrderedDict({'weights': tensor([-4.2799e-01, -4.2546e-01, -4.3337e-01, -4.2738e-01, -1.0464e-01,
        -4.2676e-01, -4.2883e-01, -4.3483e-01, -4.3047e-01, -1.0782e-01,
         1.4013e-45,  1.4013e-45,  1.4013e-45,  1.4013e-45,  1.4013e-45,
         1.4013e-45,  1.4013e-45,  1.4013e-45,  1.4013e-45, -9.2879e-05])})
155 | OrderedDict({'weights': tensor([-4.3750e-01, -4.3503e-01, -4.4327e-01, -4.3768e-01, -1.0490e-01,
        -4.3643e-01, -4.3883e-01, -4.4540e-01, -4.4161e-01, -1.0608e-01,
         1.4013e-45,  1.4013e-45,  1.4013e-45,  1.4013e-45,  1.4013e-45,
         1.4013e-45,  1.4013e-45,  1.4013e-45,  1.4013e-45, -1.0130e-04])})
156 | OrderedDict({'weights': tensor([-4.1656e-01, -4.1435e-01, -4.2111e-01, -4.1693e-01, -1.0561e-01,
        -4.1551e-01, -4.1531e-01, -4.2087e-01, -4.1758e-01, -1.0716e-01,
         1.4013e-45,  1.4013e-45,  1.4013e-45,  1.4013e-45,  1.4013e-45,
         1.4013e-45,  1.4013e-45,  1.4013e-45,  1.4013e-45, -8.6283e-05])})
157 | OrderedDict({'weights': tensor([-4.2362e-01, -4.2132e-01, -4.2841e-01, -4.2221e-01, -1.0468e-01,
        -4.2046e-01, -4.2203e-01, -4.2803e-01, -4.2315e-01, -1.0570e-01,
         1.4013e-45,  1.4013e-45,  1.4013e-45,  1.4013e-45,  1.4013e-45,
         1.4013e-45,  1.4013e-45,  1.4013e-45,  1.4013e-45, -4.6123e-05])})
158 | OrderedDict({'weights': tensor([-4.2693e-01, -4.2355e-01, -4.3058e-01, -4.2538e-01, -1.0308e-01,
        -4.2455e-01, -4.2524e-01, -4.3062e-01, -4.2697e-01, -1.0283e-01,
         1.4013e-45,  1.4013e-45,  1.4013e-45,  1.4013e-45,  1.4013e-45,
         1.4013e-45,  1.4013e-45,  1.4013e-45,  1.4013e-45, -8.1731e-05])})
159 | OrderedDict({'weights': tensor([-4.3745e-01, -4.3284e-01, -4.4033e-01, -4.3493e-01, -1.0578e-01,
        -4.3497e-01, -4.3543e-01, -4.4091e-01, -4.3759e-01, -1.0475e-01,
         1.4013e-45,  1.4013e-45,  1.4013e-45,  1.4013e-45,  1.4013e-45,
         1.4013e-45,  1.4013e-45,  1.4013e-45,  1.4013e-45, -9.9531e-05])})
160 | OrderedDict({'weights': tensor([-4.3654e-01, -4.3338e-01, -4.3955e-01, -4.3547e-01, -1.0929e-01,
        -4.3456e-01, -4.3545e-01, -4.4000e-01, -4.3769e-01, -1.0838e-01,
         1.4013e-45,  1.4013e-45,  1.4013e-45,  1.4013e-45,  1.4013e-45,
         1.4013e-45,  1.4013e-45,  1.4013e-45,  1.4013e-45, -5.1322e-05])})
161 | OrderedDict({'weights': tensor([-4.3733e-01, -4.3268e-01, -4.4086e-01, -4.3547e-01, -1.0704e-01,
        -4.3528e-01, -4.3427e-01, -4.4130e-01, -4.3766e-01, -1.0613e-01,
         1.4013e-45,  1.4013e-45,  1.4013e-45,  1.4013e-45,  1.4013e-45,
         1.4013e-45,  1.4013e-45,  1.4013e-45,  1.4013e-45, -5.9613e-05])})
162 | OrderedDict({'weights': tensor([-4.2487e-01, -4.2208e-01, -4.2777e-01, -4.2345e-01, -1.0427e-01,
        -4.2408e-01, -4.2355e-01, -4.2878e-01, -4.2573e-01, -1.0532e-01,
         1.4013e-45,  1.4013e-45,  1.4013e-45,  1.4013e-45,  1.4013e-45,
         1.4013e-45,  1.4013e-45,  1.4013e-45,  1.4013e-45,  6.0626e-05])})
163 | OrderedDict({'weights': tensor([-4.2406e-01, -4.2093e-01, -4.2806e-01, -4.2276e-01, -1.0380e-01,
        -4.2336e-01, -4.2264e-01, -4.2917e-01, -4.2487e-01, -1.0583e-01,
         1.4013e-45,  1.4013e-45,  1.4013e-45,  1.4013e-45,  1.4013e-45,
         1.4013e-45,  1.4013e-45,  1.4013e-45,  1.4013e-45, -4.6895e-05])})
164 | OrderedDict({'weights': tensor([-4.3880e-01, -4.3495e-01, -4.4105e-01, -4.3716e-01, -1.1450e-01,
        -4.3807e-01, -4.3846e-01, -4.4315e-01, -4.4047e-01, -1.1209e-01,
         1.4013e-45,  1.4013e-45,  1.4013e-45,  1.4013e-45,  1.4013e-45,
         1.4013e-45,  1.4013e-45,  1.4013e-45,  1.4013e-45,  1.5056e-05])})
165 | OrderedDict({'weights': tensor([-4.3621e-01, -4.3245e-01, -4.4051e-01, -4.3517e-01, -1.1128e-01,
        -4.3506e-01, -4.3501e-01, -4.4114e-01, -4.3737e-01, -1.0908e-01,
         1.4013e-45,  1.4013e-45,  1.4013e-45,  1.4013e-45,  1.4013e-45,
         1.4013e-45,  1.4013e-45,  1.4013e-45,  1.4013e-45, -1.6698e-04])})
166 | OrderedDict({'weights': tensor([-4.3487e-01, -4.3186e-01, -4.3837e-01, -4.3320e-01, -1.1156e-01,
        -4.3294e-01, -4.3296e-01, -4.3844e-01, -4.3486e-01, -1.0599e-01,
         1.4013e-45,  1.4013e-45,  1.4013e-45,  1.4013e-45,  1.4013e-45,
         1.4013e-45,  1.4013e-45,  1.4013e-45,  1.4013e-45, -8.4067e-05])})
167 | OrderedDict({'weights': tensor([-4.2479e-01, -4.2129e-01, -4.2736e-01, -4.2224e-01, -1.0880e-01,
        -4.2269e-01, -4.2164e-01, -4.2693e-01, -4.2368e-01, -1.0208e-01,
         1.4013e-45,  1.4013e-45,  1.4013e-45,  1.4013e-45,  1.4013e-45,
         1.4013e-45,  1.4013e-45,  1.4013e-45,  1.4013e-45, -1.0155e-04])})
168 | OrderedDict({'weights': tensor([-4.1276e-01, -4.0939e-01, -4.1645e-01, -4.1126e-01, -1.1102e-01,
        -4.1074e-01, -4.0920e-01, -4.1494e-01, -4.1160e-01, -1.1041e-01,
         1.4013e-45,  1.4013e-45,  1.4013e-45,  1.4013e-45,  1.4013e-45,
         1.4013e-45,  1.4013e-45,  1.4013e-45,  1.4013e-45,  6.4561e-05])})
169 | OrderedDict({'weights': tensor([-4.3546e-01, -4.3165e-01, -4.3829e-01, -4.3320e-01, -1.0827e-01,
        -4.3371e-01, -4.3452e-01, -4.3933e-01, -4.3666e-01, -1.0899e-01,
         1.4013e-45,  1.4013e-45,  1.4013e-45,  1.4013e-45,  1.4013e-45,
         1.4013e-45,  1.4013e-45,  1.4013e-45,  1.4013e-45,  2.4694e-05])})
170 | OrderedDict({'weights': tensor([-4.4434e-01, -4.4070e-01, -4.4710e-01, -4.4200e-01, -1.0498e-01,
        -4.4159e-01, -4.4274e-01, -4.4803e-01, -4.4492e-01, -1.0461e-01,
         1.4013e-45,  1.4013e-45,  1.4013e-45,  1.4013e-45,  1.4013e-45,
         1.4013e-45,  1.4013e-45,  1.4013e-45,  1.4013e-45, -4.7993e-05])})
171 | OrderedDict({'weights': tensor([-4.4917e-01, -4.4625e-01, -4.5203e-01, -4.4706e-01, -9.8213e-02,
        -4.4695e-01, -4.4753e-01, -4.5194e-01, -4.4849e-01, -1.0152e-01,
         1.4013e-45,  1.4013e-45,  1.4013e-45,  1.4013e-45,  1.4013e-45,
         1.4013e-45,  1.4013e-45,  1.4013e-45,  1.4013e-45, -6.0857e-05])})
172 | OrderedDict({'weights': tensor([-4.3630e-01, -4.3395e-01, -4.3867e-01, -4.3438e-01, -1.0560e-01,
        -4.3484e-01, -4.3501e-01, -4.3872e-01, -4.3612e-01, -1.0961e-01,
         1.4013e-45,  1.4013e-45,  1.4013e-45,  1.4013e-45,  1.4013e-45,
         1.4013e-45,  1.4013e-45,  1.4013e-45,  1.4013e-45,  1.9842e-05])})
173 | OrderedDict({'weights': tensor([-4.2020e-01, -4.1744e-01, -4.2396e-01, -4.1945e-01, -1.0264e-01,
        -4.1998e-01, -4.1806e-01, -4.2441e-01, -4.2053e-01, -1.0035e-01,
         1.4013e-45,  1.4013e-45,  1.4013e-45,  1.4013e-45,  1.4013e-45,
         1.4013e-45,  1.4013e-45,  1.4013e-45,  1.4013e-45, -8.7912e-05])})
174 | OrderedDict({'weights': tensor([-4.1476e-01, -4.1305e-01, -4.1909e-01, -4.1503e-01, -1.1112e-01,
        -4.1482e-01, -4.1455e-01, -4.2079e-01, -4.1744e-01, -1.0320e-01,
         1.4013e-45,  1.4013e-45,  1.4013e-45,  1.4013e-45,  1.4013e-45,
         1.4013e-45,  1.4013e-45,  1.4013e-45,  1.4013e-45, -6.1329e-05])})
175 | OrderedDict({'weights': tensor([-4.0653e-01, -4.0497e-01, -4.1175e-01, -4.0825e-01, -1.0385e-01,
        -4.0747e-01, -4.0724e-01, -4.1324e-01, -4.1046e-01, -1.0366e-01,
         1.4013e-45,  1.4013e-45,  1.4013e-45,  1.4013e-45,  1.4013e-45,
         1.4013e-45,  1.4013e-45,  1.4013e-45,  1.4013e-45, -4.9958e-05])})
176 | OrderedDict({'weights': tensor([-4.0671e-01, -4.0279e-01, -4.1037e-01, -4.0509e-01, -1.0376e-01,
        -4.0563e-01, -4.0601e-01, -4.1207e-01, -4.0832e-01, -1.0384e-01,
         1.4013e-45,  1.4013e-45,  1.4013e-45,  1.4013e-45,  1.4013e-45,
         1.4013e-45,  1.4013e-45,  1.4013e-45,  1.4013e-45, -9.8641e-05])})
177 | OrderedDict({'weights': tensor([-4.0703e-01, -4.0440e-01, -4.1148e-01, -4.0686e-01, -1.0596e-01,
        -4.0621e-01, -4.0722e-01, -4.1279e-01, -4.0981e-01, -1.0281e-01,
         1.4013e-45,  1.4013e-45,  1.4013e-45,  1.4013e-45,  1.4013e-45,
         1.4013e-45,  1.4013e-45,  1.4013e-45,  1.4013e-45, -4.8271e-05])})
178 | OrderedDict({'weights': tensor([-4.1939e-01, -4.1650e-01, -4.2305e-01, -4.1895e-01, -1.0591e-01,
        -4.1950e-01, -4.2105e-01, -4.2539e-01, -4.2324e-01, -1.0216e-01,
         1.4013e-45,  1.4013e-45,  1.4013e-45,  1.4013e-45,  1.4013e-45,
         1.4013e-45,  1.4013e-45,  1.4013e-45,  1.4013e-45, -7.7377e-05])})
179 | OrderedDict({'weights': tensor([-4.4002e-01, -4.3681e-01, -4.4290e-01, -4.3836e-01, -1.0903e-01,
        -4.3825e-01, -4.4010e-01, -4.4517e-01, -4.4224e-01, -1.0667e-01,
         1.4013e-45,  1.4013e-45,  1.4013e-45,  1.4013e-45,  1.4013e-45,
         1.4013e-45,  1.4013e-45,  1.4013e-45,  1.4013e-45, -1.5973e-05])})
180 | OrderedDict({'weights': tensor([-4.2613e-01, -4.2304e-01, -4.2949e-01, -4.2505e-01, -1.0964e-01,
        -4.2405e-01, -4.2365e-01, -4.2978e-01, -4.2622e-01, -1.0517e-01,
         1.4013e-45,  1.4013e-45,  1.4013e-45,  1.4013e-45,  1.4013e-45,
         1.4013e-45,  1.4013e-45,  1.4013e-45,  1.4013e-45, -9.1658e-06])})
181 | OrderedDict({'weights': tensor([-4.2047e-01, -4.1690e-01, -4.2430e-01, -4.1894e-01, -1.0653e-01,
        -4.1832e-01, -4.1721e-01, -4.2435e-01, -4.1968e-01, -1.0297e-01,
         1.4013e-45,  1.4013e-45,  1.4013e-45,  1.4013e-45,  1.4013e-45,
         1.4013e-45,  1.4013e-45,  1.4013e-45,  1.4013e-45, -1.1877e-05])})
182 | OrderedDict({'weights': tensor([-4.2820e-01, -4.2443e-01, -4.3166e-01, -4.2624e-01, -1.0521e-01,
        -4.2637e-01, -4.2685e-01, -4.3256e-01, -4.2921e-01, -1.0556e-01,
         1.4013e-45,  1.4013e-45,  1.4013e-45,  1.4013e-45,  1.4013e-45,
         1.4013e-45,  1.4013e-45,  1.4013e-45,  1.4013e-45, -2.9051e-05])})
183 | OrderedDict({'weights': tensor([-4.2177e-01, -4.1955e-01, -4.2595e-01, -4.2122e-01, -1.0303e-01,
        -4.2128e-01, -4.2300e-01, -4.2787e-01, -4.2545e-01, -1.0675e-01,
         1.4013e-45,  1.4013e-45,  1.4013e-45,  1.4013e-45,  1.4013e-45,
         1.4013e-45,  1.4013e-45,  1.4013e-45,  1.4013e-45, -1.9067e-05])})
184 | OrderedDict({'weights': tensor([-4.2681e-01, -4.2473e-01, -4.2961e-01, -4.2593e-01, -1.0820e-01,
        -4.2640e-01, -4.2782e-01, -4.3195e-01, -4.2985e-01, -1.0834e-01,
         1.4013e-45,  1.4013e-45,  1.4013e-45,  1.4013e-45,  1.4013e-45,
         1.4013e-45,  1.4013e-45,  1.4013e-45,  1.4013e-45, -4.6908e-05])})
185 | OrderedDict({'weights': tensor([-4.3009e-01, -4.2675e-01, -4.3415e-01, -4.2843e-01, -1.0647e-01,
        -4.2939e-01, -4.2958e-01, -4.3601e-01, -4.3145e-01, -1.0684e-01,
         1.4013e-45,  1.4013e-45,  1.4013e-45,  1.4013e-45,  1.4013e-45,
         1.4013e-45,  1.4013e-45,  1.4013e-45,  1.4013e-45, -5.4604e-05])})
186 | OrderedDict({'weights': tensor([-4.3793e-01, -4.3541e-01, -4.4198e-01, -4.3660e-01, -1.1192e-01,
        -4.3708e-01, -4.3934e-01, -4.4431e-01, -4.4109e-01, -1.0769e-01,
         1.4013e-45,  1.4013e-45,  1.4013e-45,  1.4013e-45,  1.4013e-45,
         1.4013e-45,  1.4013e-45,  1.4013e-45,  1.4013e-45, -2.9310e-05])})
187 | OrderedDict({'weights': tensor([-4.3675e-01, -4.3334e-01, -4.4068e-01, -4.3615e-01, -1.1393e-01,
        -4.3636e-01, -4.3548e-01, -4.4164e-01, -4.3802e-01, -1.1335e-01,
         1.4013e-45,  1.4013e-45,  1.4013e-45,  1.4013e-45,  1.4013e-45,
         1.4013e-45,  1.4013e-45,  1.4013e-45,  1.4013e-45,  3.0703e-05])})
188 | OrderedDict({'weights': tensor([-4.2403e-01, -4.2150e-01, -4.2790e-01, -4.2424e-01, -1.1204e-01,
        -4.2404e-01, -4.2342e-01, -4.2947e-01, -4.2550e-01, -1.0946e-01,
         1.4013e-45,  1.4013e-45,  1.4013e-45,  1.4013e-45,  1.4013e-45,
         1.4013e-45,  1.4013e-45,  1.4013e-45,  1.4013e-45, -6.8443e-05])})
189 | OrderedDict({'weights': tensor([-4.2319e-01, -4.2053e-01, -4.2717e-01, -4.2337e-01, -1.0805e-01,
        -4.2345e-01, -4.2448e-01, -4.2902e-01, -4.2643e-01, -1.0619e-01,
         1.4013e-45,  1.4013e-45,  1.4013e-45,  1.4013e-45,  1.4013e-45,
         1.4013e-45,  1.4013e-45,  1.4013e-45,  1.4013e-45, -1.1088e-04])})
190 | OrderedDict({'weights': tensor([-4.1260e-01, -4.0976e-01, -4.1452e-01, -4.1067e-01, -1.0919e-01,
        -4.1095e-01, -4.1151e-01, -4.1413e-01, -4.1263e-01, -1.1144e-01,
         1.4013e-45,  1.4013e-45,  1.4013e-45,  1.4013e-45,  1.4013e-45,
         1.4013e-45,  1.4013e-45,  1.4013e-45,  1.4013e-45, -5.3811e-05])})
191 | OrderedDict({'weights': tensor([-4.1985e-01, -4.1646e-01, -4.2331e-01, -4.1870e-01, -1.0389e-01,
        -4.1814e-01, -4.1839e-01, -4.2349e-01, -4.2041e-01, -1.0410e-01,
         1.4013e-45,  1.4013e-45,  1.4013e-45,  1.4013e-45,  1.4013e-45,
         1.4013e-45,  1.4013e-45,  1.4013e-45,  1.4013e-45, -1.6082e-04])})
192 | OrderedDict({'weights': tensor([-4.2590e-01, -4.2264e-01, -4.2925e-01, -4.2513e-01, -1.1129e-01,
        -4.2471e-01, -4.2467e-01, -4.3017e-01, -4.2672e-01, -1.1290e-01,
         1.4013e-45,  1.4013e-45,  1.4013e-45,  1.4013e-45,  1.4013e-45,
         1.4013e-45,  1.4013e-45,  1.4013e-45,  1.4013e-45, -2.8259e-05])})
193 | OrderedDict({'weights': tensor([-4.3303e-01, -4.2963e-01, -4.3745e-01, -4.3186e-01, -1.1220e-01,
        -4.3049e-01, -4.3126e-01, -4.3755e-01, -4.3380e-01, -1.1291e-01,
         1.4013e-45,  1.4013e-45,  1.4013e-45,  1.4013e-45,  1.4013e-45,
         1.4013e-45,  1.4013e-45,  1.4013e-45,  1.4013e-45, -7.5238e-06])})
194 | OrderedDict({'weights': tensor([-4.3314e-01, -4.2988e-01, -4.3805e-01, -4.3177e-01, -1.1129e-01,
        -4.3092e-01, -4.3156e-01, -4.3843e-01, -4.3453e-01, -1.1164e-01,
         1.4013e-45,  1.4013e-45,  1.4013e-45,  1.4013e-45,  1.4013e-45,
         1.4013e-45,  1.4013e-45,  1.4013e-45,  1.4013e-45, -2.4917e-05])})
195 | OrderedDict({'weights': tensor([-4.4318e-01, -4.4081e-01, -4.4602e-01, -4.4123e-01, -1.1393e-01,
        -4.4069e-01, -4.4209e-01, -4.4686e-01, -4.4421e-01, -1.1652e-01,
         1.4013e-45,  1.4013e-45,  1.4013e-45,  1.4013e-45,  1.4013e-45,
         1.4013e-45,  1.4013e-45,  1.4013e-45,  1.4013e-45,  4.7132e-05])})
196 | OrderedDict({'weights': tensor([-4.2937e-01, -4.2676e-01, -4.3345e-01, -4.2796e-01, -1.1056e-01,
        -4.2792e-01, -4.2816e-01, -4.3334e-01, -4.2961e-01, -1.1087e-01,
         1.4013e-45,  1.4013e-45,  1.4013e-45,  1.4013e-45,  1.4013e-45,
         1.4013e-45,  1.4013e-45,  1.4013e-45,  1.4013e-45, -8.0382e-05])})
197 | OrderedDict({'weights': tensor([-4.3096e-01, -4.2749e-01, -4.3483e-01, -4.2923e-01, -1.0885e-01,
        -4.2936e-01, -4.3022e-01, -4.3581e-01, -4.3233e-01, -1.0623e-01,
         1.4013e-45,  1.4013e-45,  1.4013e-45,  1.4013e-45,  1.4013e-45,
         1.4013e-45,  1.4013e-45,  1.4013e-45,  1.4013e-45, -1.5477e-04])})
198 | OrderedDict({'weights': tensor([-4.2991e-01, -4.2653e-01, -4.3422e-01, -4.2856e-01, -1.1191e-01,
        -4.2792e-01, -4.2913e-01, -4.3539e-01, -4.3169e-01, -1.1260e-01,
         1.4013e-45,  1.4013e-45,  1.4013e-45,  1.4013e-45,  1.4013e-45,
         1.4013e-45,  1.4013e-45,  1.4013e-45,  1.4013e-45, -5.2391e-05])})
199 | OrderedDict({'weights': tensor([-4.2293e-01, -4.2000e-01, -4.2678e-01, -4.2149e-01, -1.0811e-01,
        -4.2201e-01, -4.2194e-01, -4.2748e-01, -4.2305e-01, -1.0942e-01,
         1.4013e-45,  1.4013e-45,  1.4013e-45,  1.4013e-45,  1.4013e-45,
         1.4013e-45,  1.4013e-45,  1.4013e-45,  1.4013e-45, -4.3519e-05])})
200 | OrderedDict({'weights': tensor([-4.3547e-01, -4.3195e-01, -4.3944e-01, -4.3454e-01, -1.0432e-01,
        -4.3445e-01, -4.3578e-01, -4.4075e-01, -4.3793e-01, -1.0423e-01,
         1.4013e-45,  1.4013e-45,  1.4013e-45,  1.4013e-45,  1.4013e-45,
         1.4013e-45,  1.4013e-45,  1.4013e-45,  1.4013e-45, -7.7791e-05])})
201 | OrderedDict({'weights': tensor([-4.2572e-01, -4.2332e-01, -4.2908e-01, -4.2549e-01, -1.0399e-01,
        -4.2547e-01, -4.2525e-01, -4.3020e-01, -4.2730e-01, -1.0564e-01,
         1.4013e-45,  1.4013e-45,  1.4013e-45,  1.4013e-45,  1.4013e-45,
         1.4013e-45,  1.4013e-45,  1.4013e-45,  1.4013e-45, -5.6382e-05])})
202 | OrderedDict({'weights': tensor([-4.2491e-01, -4.2138e-01, -4.2907e-01, -4.2453e-01, -1.0506e-01,
        -4.2392e-01, -4.2326e-01, -4.3020e-01, -4.2667e-01, -1.0464e-01,
         1.4013e-45,  1.4013e-45,  1.4013e-45,  1.4013e-45,  1.4013e-45,
         1.4013e-45,  1.4013e-45,  1.4013e-45,  1.4013e-45, -9.0217e-06])})
203 | OrderedDict({'weights': tensor([-4.1919e-01, -4.1653e-01, -4.2335e-01, -4.1827e-01, -1.0626e-01,
        -4.1750e-01, -4.1754e-01, -4.2389e-01, -4.1961e-01, -1.0649e-01,
         1.4013e-45,  1.4013e-45,  1.4013e-45,  1.4013e-45,  1.4013e-45,
         1.4013e-45,  1.4013e-45,  1.4013e-45,  1.4013e-45, -1.5906e-05])})
204 | OrderedDict({'weights': tensor([-4.2905e-01, -4.2692e-01, -4.3259e-01, -4.2764e-01, -1.0418e-01,
        -4.2734e-01, -4.2814e-01, -4.3365e-01, -4.2951e-01, -1.0521e-01,
         1.4013e-45,  1.4013e-45,  1.4013e-45,  1.4013e-45,  1.4013e-45,
         1.4013e-45,  1.4013e-45,  1.4013e-45,  1.4013e-45, -9.6475e-05])})
205 | OrderedDict({'weights': tensor([-4.2428e-01, -4.2168e-01, -4.2744e-01, -4.2304e-01, -1.0344e-01,
        -4.2161e-01, -4.2290e-01, -4.2653e-01, -4.2383e-01, -1.1270e-01,
         1.4013e-45,  1.4013e-45,  1.4013e-45,  1.4013e-45,  1.4013e-45,
         1.4013e-45,  1.4013e-45,  1.4013e-45,  1.4013e-45,  7.6419e-05])})
206 | OrderedDict({'weights': tensor([-4.2839e-01, -4.2610e-01, -4.3281e-01, -4.2792e-01, -1.0301e-01,
        -4.2666e-01, -4.2877e-01, -4.3372e-01, -4.3074e-01, -1.0803e-01,
         1.4013e-45,  1.4013e-45,  1.4013e-45,  1.4013e-45,  1.4013e-45,
         1.4013e-45,  1.4013e-45,  1.4013e-45,  1.4013e-45, -1.3313e-04])})
207 | OrderedDict({'weights': tensor([-4.2032e-01, -4.1769e-01, -4.2458e-01, -4.2013e-01, -9.9529e-02,
        -4.1993e-01, -4.2033e-01, -4.2592e-01, -4.2314e-01, -1.0057e-01,
         1.4013e-45,  1.4013e-45,  1.4013e-45,  1.4013e-45,  1.4013e-45,
         1.4013e-45,  1.4013e-45,  1.4013e-45,  1.4013e-45, -1.5552e-04])})
208 | OrderedDict({'weights': tensor([-4.3976e-01, -4.3564e-01, -4.4291e-01, -4.3731e-01, -1.0600e-01,
        -4.3782e-01, -4.4016e-01, -4.4561e-01, -4.4263e-01, -1.0551e-01,
         1.4013e-45,  1.4013e-45,  1.4013e-45,  1.4013e-45,  1.4013e-45,
         1.4013e-45,  1.4013e-45,  1.4013e-45,  1.4013e-45, -1.2619e-04])})
209 | OrderedDict({'weights': tensor([-4.2833e-01, -4.2494e-01, -4.3199e-01, -4.2716e-01, -1.0901e-01,
        -4.2805e-01, -4.2828e-01, -4.3376e-01, -4.3064e-01, -1.0864e-01,
         1.4013e-45,  1.4013e-45,  1.4013e-45,  1.4013e-45,  1.4013e-45,
         1.4013e-45,  1.4013e-45,  1.4013e-45,  1.4013e-45, -5.9026e-05])})
210 | OrderedDict({'weights': tensor([-4.2251e-01, -4.1965e-01, -4.2744e-01, -4.2241e-01, -1.0605e-01,
        -4.2325e-01, -4.2303e-01, -4.2967e-01, -4.2515e-01, -1.0620e-01,
         1.4013e-45,  1.4013e-45,  1.4013e-45,  1.4013e-45,  1.4013e-45,
         1.4013e-45,  1.4013e-45,  1.4013e-45,  1.4013e-45, -5.8312e-05])})
211 | OrderedDict({'weights': tensor([-4.3531e-01, -4.3177e-01, -4.4052e-01, -4.3361e-01, -1.0462e-01,
        -4.3424e-01, -4.3541e-01, -4.4159e-01, -4.3673e-01, -1.0362e-01,
         1.4013e-45,  1.4013e-45,  1.4013e-45,  1.4013e-45,  1.4013e-45,
         1.4013e-45,  1.4013e-45,  1.4013e-45,  1.4013e-45, -1.2801e-04])})
212 | OrderedDict({'weights': tensor([-4.3809e-01, -4.3487e-01, -4.4276e-01, -4.3689e-01, -1.0752e-01,
        -4.3766e-01, -4.3777e-01, -4.4278e-01, -4.3930e-01, -1.0752e-01,
         1.4013e-45,  1.4013e-45,  1.4013e-45,  1.4013e-45,  1.4013e-45,
         1.4013e-45,  1.4013e-45,  1.4013e-45,  1.4013e-45, -1.3881e-04])})
213 | OrderedDict({'weights': tensor([-4.0690e-01, -4.0354e-01, -4.0986e-01, -4.0560e-01, -1.0878e-01,
        -4.0669e-01, -4.0421e-01, -4.0887e-01, -4.0581e-01, -1.0568e-01,
         1.4013e-45,  1.4013e-45,  1.4013e-45,  1.4013e-45,  1.4013e-45,
         1.4013e-45,  1.4013e-45,  1.4013e-45,  1.4013e-45, -7.5536e-05])})
214 | OrderedDict({'weights': tensor([-4.2558e-01, -4.2092e-01, -4.2776e-01, -4.2207e-01, -1.1220e-01,
        -4.2275e-01, -4.2349e-01, -4.2806e-01, -4.2479e-01, -1.0749e-01,
         1.4013e-45,  1.4013e-45,  1.4013e-45,  1.4013e-45,  1.4013e-45,
         1.4013e-45,  1.4013e-45,  1.4013e-45,  1.4013e-45, -1.0433e-04])})
215 | OrderedDict({'weights': tensor([-4.3409e-01, -4.3014e-01, -4.3707e-01, -4.3188e-01, -1.1339e-01,
        -4.3185e-01, -4.3343e-01, -4.3750e-01, -4.3512e-01, -1.1088e-01,
         1.4013e-45,  1.4013e-45,  1.4013e-45,  1.4013e-45,  1.4013e-45,
         1.4013e-45,  1.4013e-45,  1.4013e-45,  1.4013e-45, -5.1429e-05])})
216 | OrderedDict({'weights': tensor([-4.1821e-01, -4.1511e-01, -4.2236e-01, -4.1701e-01, -1.1167e-01,
        -4.1700e-01, -4.1679e-01, -4.2236e-01, -4.1887e-01, -1.1145e-01,
         1.4013e-45,  1.4013e-45,  1.4013e-45,  1.4013e-45,  1.4013e-45,
         1.4013e-45,  1.4013e-45,  1.4013e-45,  1.4013e-45, -4.5019e-05])})
217 | OrderedDict({'weights': tensor([-4.2204e-01, -4.1813e-01, -4.2705e-01, -4.2021e-01, -1.0484e-01,
        -4.2076e-01, -4.2053e-01, -4.2788e-01, -4.2314e-01, -1.0079e-01,
         1.4013e-45,  1.4013e-45,  1.4013e-45,  1.4013e-45,  1.4013e-45,
         1.4013e-45,  1.4013e-45,  1.4013e-45,  1.4013e-45, -2.0619e-04])})
218 | OrderedDict({'weights': tensor([-4.2184e-01, -4.1948e-01, -4.2690e-01, -4.2089e-01, -1.0633e-01,
        -4.2091e-01, -4.2216e-01, -4.2740e-01, -4.2379e-01, -1.0475e-01,
         1.4013e-45,  1.4013e-45,  1.4013e-45,  1.4013e-45,  1.4013e-45,
         1.4013e-45,  1.4013e-45,  1.4013e-45,  1.4013e-45, -5.8139e-05])})
219 | OrderedDict({'weights': tensor([-4.2591e-01, -4.2331e-01, -4.2907e-01, -4.2458e-01, -1.0760e-01,
        -4.2445e-01, -4.2575e-01, -4.3016e-01, -4.2746e-01, -1.0475e-01,
         1.4013e-45,  1.4013e-45,  1.4013e-45,  1.4013e-45,  1.4013e-45,
         1.4013e-45,  1.4013e-45,  1.4013e-45,  1.4013e-45, -7.5586e-05])})
220 | OrderedDict({'weights': tensor([-4.2428e-01, -4.2077e-01, -4.2663e-01, -4.2165e-01, -1.0886e-01,
        -4.2144e-01, -4.2253e-01, -4.2807e-01, -4.2466e-01, -1.0716e-01,
         1.4013e-45,  1.4013e-45,  1.4013e-45,  1.4013e-45,  1.4013e-45,
         1.4013e-45,  1.4013e-45,  1.4013e-45,  1.4013e-45, -5.8057e-05])})
221 | OrderedDict({'weights': tensor([-4.2102e-01, -4.1665e-01, -4.2480e-01, -4.1903e-01, -1.0322e-01,
        -4.1956e-01, -4.1866e-01, -4.2594e-01, -4.2143e-01, -9.9863e-02,
         1.4013e-45,  1.4013e-45,  1.4013e-45,  1.4013e-45,  1.4013e-45,
         1.4013e-45,  1.4013e-45,  1.4013e-45,  1.4013e-45, -1.4444e-04])})
222 | OrderedDict({'weights': tensor([-4.1865e-01, -4.1397e-01, -4.2214e-01, -4.1680e-01, -1.0407e-01,
        -4.1755e-01, -4.1623e-01, -4.2388e-01, -4.1953e-01, -9.9449e-02,
         1.4013e-45,  1.4013e-45,  1.4013e-45,  1.4013e-45,  1.4013e-45,
         1.4013e-45,  1.4013e-45,  1.4013e-45,  1.4013e-45, -7.0770e-05])})
223 | OrderedDict({'weights': tensor([-4.2689e-01, -4.2324e-01, -4.3030e-01, -4.2527e-01, -1.0810e-01,
        -4.2529e-01, -4.2520e-01, -4.3142e-01, -4.2757e-01, -1.0412e-01,
         1.4013e-45,  1.4013e-45,  1.4013e-45,  1.4013e-45,  1.4013e-45,
         1.4013e-45,  1.4013e-45,  1.4013e-45,  1.4013e-45,  8.0035e-06])})
224 | OrderedDict({'weights': tensor([-4.2123e-01, -4.1822e-01, -4.2427e-01, -4.2065e-01, -1.0981e-01,
        -4.2114e-01, -4.2114e-01, -4.2631e-01, -4.2413e-01, -1.0832e-01,
         1.4013e-45,  1.4013e-45,  1.4013e-45,  1.4013e-45,  1.4013e-45,
         1.4013e-45,  1.4013e-45,  1.4013e-45,  1.4013e-45, -3.8045e-05])})
225 | OrderedDict({'weights': tensor([-4.1690e-01, -4.1416e-01, -4.2064e-01, -4.1670e-01, -1.0445e-01,
        -4.1645e-01, -4.1605e-01, -4.2205e-01, -4.1909e-01, -1.0081e-01,
         1.4013e-45,  1.4013e-45,  1.4013e-45,  1.4013e-45,  1.4013e-45,
         1.4013e-45,  1.4013e-45,  1.4013e-45,  1.4013e-45, -1.5185e-04])})
226 | OrderedDict({'weights': tensor([-4.0842e-01, -4.0604e-01, -4.1234e-01, -4.0812e-01, -1.0746e-01,
        -4.0783e-01, -4.0826e-01, -4.1347e-01, -4.1073e-01, -1.0833e-01,
         1.4013e-45,  1.4013e-45,  1.4013e-45,  1.4013e-45,  1.4013e-45,
         1.4013e-45,  1.4013e-45,  1.4013e-45,  1.4013e-45,  4.4434e-05])})
227 | OrderedDict({'weights': tensor([-4.1404e-01, -4.1158e-01, -4.1760e-01, -4.1372e-01, -1.1042e-01,
        -4.1232e-01, -4.1403e-01, -4.1770e-01, -4.1602e-01, -1.1382e-01,
         1.4013e-45,  1.4013e-45,  1.4013e-45,  1.4013e-45,  1.4013e-45,
         1.4013e-45,  1.4013e-45,  1.4013e-45,  1.4013e-45,  5.0138e-05])})
228 | OrderedDict({'weights': tensor([-4.1476e-01, -4.1164e-01, -4.1697e-01, -4.1251e-01, -1.1157e-01,
        -4.1266e-01, -4.1283e-01, -4.1616e-01, -4.1453e-01, -1.1413e-01,
         1.4013e-45,  1.4013e-45,  1.4013e-45,  1.4013e-45,  1.4013e-45,
         1.4013e-45,  1.4013e-45,  1.4013e-45,  1.4013e-45, -7.2155e-05])})
229 | OrderedDict({'weights': tensor([-4.1666e-01, -4.1498e-01, -4.1918e-01, -4.1565e-01, -1.1404e-01,
        -4.1556e-01, -4.1678e-01, -4.2025e-01, -4.1894e-01, -1.1634e-01,
         1.4013e-45,  1.4013e-45,  1.4013e-45,  1.4013e-45,  1.4013e-45,
         1.4013e-45,  1.4013e-45,  1.4013e-45,  1.4013e-45, -4.4982e-05])})
230 | OrderedDict({'weights': tensor([-4.2844e-01, -4.2699e-01, -4.3097e-01, -4.2847e-01, -1.1549e-01,
        -4.2788e-01, -4.2964e-01, -4.3277e-01, -4.3128e-01, -1.1377e-01,
         1.4013e-45,  1.4013e-45,  1.4013e-45,  1.4013e-45,  1.4013e-45,
         1.4013e-45,  1.4013e-45,  1.4013e-45,  1.4013e-45, -1.5484e-04])})
231 | OrderedDict({'weights': tensor([-4.2404e-01, -4.2218e-01, -4.2773e-01, -4.2392e-01, -1.0901e-01,
        -4.2330e-01, -4.2509e-01, -4.2962e-01, -4.2677e-01, -1.1165e-01,
         1.4013e-45,  1.4013e-45,  1.4013e-45,  1.4013e-45,  1.4013e-45,
         1.4013e-45,  1.4013e-45,  1.4013e-45,  1.4013e-45, -1.1372e-04])})
232 | OrderedDict({'weights': tensor([-4.1839e-01, -4.1609e-01, -4.2307e-01, -4.1825e-01, -1.0912e-01,
        -4.1679e-01, -4.1807e-01, -4.2377e-01, -4.2031e-01, -1.1133e-01,
         1.4013e-45,  1.4013e-45,  1.4013e-45,  1.4013e-45,  1.4013e-45,
         1.4013e-45,  1.4013e-45,  1.4013e-45,  1.4013e-45, -7.7935e-05])})
233 | OrderedDict({'weights': tensor([-4.1103e-01, -4.0868e-01, -4.1596e-01, -4.1075e-01, -1.0607e-01,
        -4.1048e-01, -4.1073e-01, -4.1619e-01, -4.1241e-01, -1.0761e-01,
         1.4013e-45,  1.4013e-45,  1.4013e-45,  1.4013e-45,  1.4013e-45,
         1.4013e-45,  1.4013e-45,  1.4013e-45,  1.4013e-45, -9.9178e-05])})
234 | OrderedDict({'weights': tensor([-4.2565e-01, -4.2244e-01, -4.2973e-01, -4.2488e-01, -1.0396e-01,
        -4.2514e-01, -4.2475e-01, -4.3034e-01, -4.2632e-01, -1.0325e-01,
         1.4013e-45,  1.4013e-45,  1.4013e-45,  1.4013e-45,  1.4013e-45,
         1.4013e-45,  1.4013e-45,  1.4013e-45,  1.4013e-45, -1.3534e-04])})
235 | OrderedDict({'weights': tensor([-4.2199e-01, -4.1893e-01, -4.2553e-01, -4.2128e-01, -1.0113e-01,
        -4.2132e-01, -4.2121e-01, -4.2606e-01, -4.2286e-01, -1.0318e-01,
         1.4013e-45,  1.4013e-45,  1.4013e-45,  1.4013e-45,  1.4013e-45,
         1.4013e-45,  1.4013e-45,  1.4013e-45,  1.4013e-45, -5.0042e-05])})
236 | OrderedDict({'weights': tensor([-4.1783e-01, -4.1490e-01, -4.2067e-01, -4.1751e-01, -1.0139e-01,
        -4.1761e-01, -4.1656e-01, -4.2151e-01, -4.1850e-01, -1.0196e-01,
         1.4013e-45,  1.4013e-45,  1.4013e-45,  1.4013e-45,  1.4013e-45,
         1.4013e-45,  1.4013e-45,  1.4013e-45,  1.4013e-45, -1.5365e-05])})
237 | OrderedDict({'weights': tensor([-4.1822e-01, -4.1459e-01, -4.2073e-01, -4.1696e-01, -9.9683e-02,
        -4.1657e-01, -4.1575e-01, -4.2079e-01, -4.1800e-01, -1.0113e-01,
         1.4013e-45,  1.4013e-45,  1.4013e-45,  1.4013e-45,  1.4013e-45,
         1.4013e-45,  1.4013e-45,  1.4013e-45,  1.4013e-45, -7.3936e-05])})
238 | OrderedDict({'weights': tensor([-4.0656e-01, -4.0433e-01, -4.0996e-01, -4.0568e-01, -1.0428e-01,
        -4.0545e-01, -4.0558e-01, -4.1080e-01, -4.0773e-01, -1.0214e-01,
         1.4013e-45,  1.4013e-45,  1.4013e-45,  1.4013e-45,  1.4013e-45,
         1.4013e-45,  1.4013e-45,  1.4013e-45,  1.4013e-45, -6.5791e-05])})
239 | OrderedDict({'weights': tensor([-4.1785e-01, -4.1454e-01, -4.2101e-01, -4.1690e-01, -1.0751e-01,
        -4.1614e-01, -4.1710e-01, -4.2257e-01, -4.2049e-01, -1.0647e-01,
         1.4013e-45,  1.4013e-45,  1.4013e-45,  1.4013e-45,  1.4013e-45,
         1.4013e-45,  1.4013e-45,  1.4013e-45,  1.4013e-45,  2.5625e-05])})
240 | OrderedDict({'weights': tensor([-4.2323e-01, -4.1981e-01, -4.2589e-01, -4.2196e-01, -1.0612e-01,
        -4.2110e-01, -4.2356e-01, -4.2628e-01, -4.2578e-01, -1.0898e-01,
         1.4013e-45,  1.4013e-45,  1.4013e-45,  1.4013e-45,  1.4013e-45,
         1.4013e-45,  1.4013e-45,  1.4013e-45,  1.4013e-45,  3.4510e-06])})
241 | OrderedDict({'weights': tensor([-4.1875e-01, -4.1489e-01, -4.2203e-01, -4.1738e-01, -1.1629e-01,
        -4.1699e-01, -4.1834e-01, -4.2323e-01, -4.2185e-01, -1.1468e-01,
         1.4013e-45,  1.4013e-45,  1.4013e-45,  1.4013e-45,  1.4013e-45,
         1.4013e-45,  1.4013e-45,  1.4013e-45,  1.4013e-45,  5.8269e-05])})
242 | OrderedDict({'weights': tensor([-4.2858e-01, -4.2467e-01, -4.3223e-01, -4.2707e-01, -1.1248e-01,
        -4.2694e-01, -4.2957e-01, -4.3400e-01, -4.3211e-01, -1.1530e-01,
         1.4013e-45,  1.4013e-45,  1.4013e-45,  1.4013e-45,  1.4013e-45,
         1.4013e-45,  1.4013e-45,  1.4013e-45,  1.4013e-45, -3.0860e-05])})
243 | OrderedDict({'weights': tensor([-4.3597e-01, -4.3253e-01, -4.4026e-01, -4.3466e-01, -1.0737e-01,
        -4.3506e-01, -4.3647e-01, -4.4221e-01, -4.3883e-01, -1.0725e-01,
         1.4013e-45,  1.4013e-45,  1.4013e-45,  1.4013e-45,  1.4013e-45,
         1.4013e-45,  1.4013e-45,  1.4013e-45,  1.4013e-45, -1.3405e-04])})
244 | OrderedDict({'weights': tensor([-4.2748e-01, -4.2415e-01, -4.3288e-01, -4.2728e-01, -1.0693e-01,
        -4.2755e-01, -4.2689e-01, -4.3429e-01, -4.2972e-01, -1.1017e-01,
         1.4013e-45,  1.4013e-45,  1.4013e-45,  1.4013e-45,  1.4013e-45,
         1.4013e-45,  1.4013e-45,  1.4013e-45,  1.4013e-45,  3.9273e-05])})
245 | OrderedDict({'weights': tensor([-4.3646e-01, -4.3263e-01, -4.3993e-01, -4.3462e-01, -1.0819e-01,
        -4.3461e-01, -4.3539e-01, -4.4075e-01, -4.3731e-01, -1.0959e-01,
         1.4013e-45,  1.4013e-45,  1.4013e-45,  1.4013e-45,  1.4013e-45,
         1.4013e-45,  1.4013e-45,  1.4013e-45,  1.4013e-45, -1.3011e-04])})
246 | OrderedDict({'weights': tensor([-4.3753e-01, -4.3465e-01, -4.4025e-01, -4.3476e-01, -1.0955e-01,
        -4.3426e-01, -4.3482e-01, -4.3943e-01, -4.3567e-01, -1.0926e-01,
         1.4013e-45,  1.4013e-45,  1.4013e-45,  1.4013e-45,  1.4013e-45,
         1.4013e-45,  1.4013e-45,  1.4013e-45,  1.4013e-45, -1.5559e-04])})
247 | OrderedDict({'weights': tensor([-4.2608e-01, -4.2300e-01, -4.2946e-01, -4.2350e-01, -1.1040e-01,
        -4.2377e-01, -4.2419e-01, -4.2960e-01, -4.2549e-01, -1.0825e-01,
         1.4013e-45,  1.4013e-45,  1.4013e-45,  1.4013e-45,  1.4013e-45,
         1.4013e-45,  1.4013e-45,  1.4013e-45,  1.4013e-45, -1.3111e-04])})
248 | OrderedDict({'weights': tensor([-4.3388e-01, -4.3130e-01, -4.3656e-01, -4.3172e-01, -1.1029e-01,
        -4.3183e-01, -4.3358e-01, -4.3744e-01, -4.3457e-01, -1.0911e-01,
         1.4013e-45,  1.4013e-45,  1.4013e-45,  1.4013e-45,  1.4013e-45,
         1.4013e-45,  1.4013e-45,  1.4013e-45,  1.4013e-45, -1.5348e-04])})
249 | OrderedDict({'weights': tensor([-4.3442e-01, -4.3174e-01, -4.3729e-01, -4.3240e-01, -1.1388e-01,
        -4.3124e-01, -4.3291e-01, -4.3646e-01, -4.3407e-01, -1.1447e-01,
         1.4013e-45,  1.4013e-45,  1.4013e-45,  1.4013e-45,  1.4013e-45,
         1.4013e-45,  1.4013e-45,  1.4013e-45,  1.4013e-45, -4.5288e-05])})
250 | OrderedDict({'weights': tensor([-4.2591e-01, -4.2345e-01, -4.3007e-01, -4.2415e-01, -1.1394e-01,
        -4.2356e-01, -4.2422e-01, -4.2965e-01, -4.2530e-01, -1.1271e-01,
         1.4013e-45,  1.4013e-45,  1.4013e-45,  1.4013e-45,  1.4013e-45,
         1.4013e-45,  1.4013e-45,  1.4013e-45,  1.4013e-45, -4.6836e-05])})
251 | OrderedDict({'weights': tensor([-4.3199e-01, -4.3008e-01, -4.3602e-01, -4.3095e-01, -1.0415e-01,
        -4.3053e-01, -4.3119e-01, -4.3628e-01, -4.3269e-01, -1.0396e-01,
         1.4013e-45,  1.4013e-45,  1.4013e-45,  1.4013e-45,  1.4013e-45,
         1.4013e-45,  1.4013e-45,  1.4013e-45,  1.4013e-45, -1.5774e-04])})
252 | OrderedDict({'weights': tensor([-4.2516e-01, -4.2299e-01, -4.2859e-01, -4.2464e-01, -1.0778e-01,
        -4.2397e-01, -4.2366e-01, -4.2845e-01, -4.2508e-01, -1.0574e-01,
         1.4013e-45,  1.4013e-45,  1.4013e-45,  1.4013e-45,  1.4013e-45,
         1.4013e-45,  1.4013e-45,  1.4013e-45,  1.4013e-45, -9.5201e-05])})
253 | OrderedDict({'weights': tensor([-4.2683e-01, -4.2422e-01, -4.3076e-01, -4.2681e-01, -1.0941e-01,
        -4.2680e-01, -4.2727e-01, -4.3295e-01, -4.3012e-01, -1.0334e-01,
         1.4013e-45,  1.4013e-45,  1.4013e-45,  1.4013e-45,  1.4013e-45,
         1.4013e-45,  1.4013e-45,  1.4013e-45,  1.4013e-45, -1.7096e-04])})
254 | OrderedDict({'weights': tensor([-4.3058e-01, -4.2703e-01, -4.3432e-01, -4.2921e-01, -1.0771e-01,
        -4.2883e-01, -4.2998e-01, -4.3529e-01, -4.3228e-01, -1.0603e-01,
         1.4013e-45,  1.4013e-45,  1.4013e-45,  1.4013e-45,  1.4013e-45,
         1.4013e-45,  1.4013e-45,  1.4013e-45,  1.4013e-45, -1.1206e-04])})
255 | OrderedDict({'weights': tensor([-4.3196e-01, -4.2857e-01, -4.3632e-01, -4.3145e-01, -1.0336e-01,
        -4.3049e-01, -4.3157e-01, -4.3815e-01, -4.3489e-01, -1.0137e-01,
         1.4013e-45,  1.4013e-45,  1.4013e-45,  1.4013e-45,  1.4013e-45,
         1.4013e-45,  1.4013e-45,  1.4013e-45,  1.4013e-45, -7.3641e-05])})
256 | OrderedDict({'weights': tensor([-4.2929e-01, -4.2570e-01, -4.3334e-01, -4.2815e-01, -1.0178e-01,
        -4.2748e-01, -4.2746e-01, -4.3382e-01, -4.3041e-01, -1.0174e-01,
         1.4013e-45,  1.4013e-45,  1.4013e-45,  1.4013e-45,  1.4013e-45,
         1.4013e-45,  1.4013e-45,  1.4013e-45,  1.4013e-45, -3.4427e-05])})
257 | OrderedDict({'weights': tensor([-4.3255e-01, -4.2835e-01, -4.3577e-01, -4.3043e-01, -1.1163e-01,
        -4.3096e-01, -4.3082e-01, -4.3766e-01, -4.3377e-01, -1.0715e-01,
         1.4013e-45,  1.4013e-45,  1.4013e-45,  1.4013e-45,  1.4013e-45,
         1.4013e-45,  1.4013e-45,  1.4013e-45,  1.4013e-45,  6.5092e-05])})
258 | OrderedDict({'weights': tensor([-4.1025e-01, -4.0711e-01, -4.1317e-01, -4.0933e-01, -1.1011e-01,
        -4.0914e-01, -4.0683e-01, -4.1334e-01, -4.0980e-01, -1.0410e-01,
         1.4013e-45,  1.4013e-45,  1.4013e-45,  1.4013e-45,  1.4013e-45,
         1.4013e-45,  1.4013e-45,  1.4013e-45,  1.4013e-45,  5.5234e-05])})
259 | OrderedDict({'weights': tensor([-4.0513e-01, -4.0257e-01, -4.0949e-01, -4.0440e-01, -1.0722e-01,
        -4.0374e-01, -4.0348e-01, -4.0966e-01, -4.0423e-01, -1.0318e-01,
         1.4013e-45,  1.4013e-45,  1.4013e-45,  1.4013e-45,  1.4013e-45,
         1.4013e-45,  1.4013e-45,  1.4013e-45,  1.4013e-45,  5.3379e-05])})
260 | OrderedDict({'weights': tensor([-4.0987e-01, -4.0673e-01, -4.1399e-01, -4.0875e-01, -1.0766e-01,
        -4.0901e-01, -4.1007e-01, -4.1538e-01, -4.1125e-01, -1.0876e-01,
         1.4013e-45,  1.4013e-45,  1.4013e-45,  1.4013e-45,  1.4013e-45,
         1.4013e-45,  1.4013e-45,  1.4013e-45,  1.4013e-45,  5.4628e-05])})
261 | OrderedDict({'weights': tensor([-4.1279e-01, -4.0919e-01, -4.1696e-01, -4.1133e-01, -1.0497e-01,
        -4.1174e-01, -4.1347e-01, -4.1928e-01, -4.1508e-01, -1.0595e-01,
         1.4013e-45,  1.4013e-45,  1.4013e-45,  1.4013e-45,  1.4013e-45,
         1.4013e-45,  1.4013e-45,  1.4013e-45,  1.4013e-45, -8.5897e-05])})
262 | OrderedDict({'weights': tensor([-4.0526e-01, -4.0208e-01, -4.0927e-01, -4.0448e-01, -1.0704e-01,
        -4.0503e-01, -4.0535e-01, -4.1120e-01, -4.0774e-01, -1.0762e-01,
         1.4013e-45,  1.4013e-45,  1.4013e-45,  1.4013e-45,  1.4013e-45,
         1.4013e-45,  1.4013e-45,  1.4013e-45,  1.4013e-45, -4.8060e-05])})
263 | OrderedDict({'weights': tensor([-4.1280e-01, -4.1030e-01, -4.1665e-01, -4.1254e-01, -1.0510e-01,
        -4.1265e-01, -4.1385e-01, -4.1930e-01, -4.1635e-01, -1.0261e-01,
         1.4013e-45,  1.4013e-45,  1.4013e-45,  1.4013e-45,  1.4013e-45,
         1.4013e-45,  1.4013e-45,  1.4013e-45,  1.4013e-45, -6.7038e-05])})
264 | OrderedDict({'weights': tensor([-4.1917e-01, -4.1527e-01, -4.2209e-01, -4.1802e-01, -1.0572e-01,
        -4.1884e-01, -4.1864e-01, -4.2450e-01, -4.2119e-01, -1.0302e-01,
         1.4013e-45,  1.4013e-45,  1.4013e-45,  1.4013e-45,  1.4013e-45,
         1.4013e-45,  1.4013e-45,  1.4013e-45,  1.4013e-45,  2.2038e-06])})
265 | OrderedDict({'weights': tensor([-4.2451e-01, -4.2113e-01, -4.2745e-01, -4.2303e-01, -1.0584e-01,
        -4.2429e-01, -4.2600e-01, -4.2998e-01, -4.2767e-01, -1.0863e-01,
         1.4013e-45,  1.4013e-45,  1.4013e-45,  1.4013e-45,  1.4013e-45,
         1.4013e-45,  1.4013e-45,  1.4013e-45,  1.4013e-45, -3.9450e-05])})
266 | OrderedDict({'weights': tensor([-4.2043e-01, -4.1650e-01, -4.2301e-01, -4.1859e-01, -1.0658e-01,
        -4.2056e-01, -4.2077e-01, -4.2548e-01, -4.2258e-01, -1.0550e-01,
         1.4013e-45,  1.4013e-45,  1.4013e-45,  1.4013e-45,  1.4013e-45,
         1.4013e-45,  1.4013e-45,  1.4013e-45,  1.4013e-45, -1.4362e-04])})
267 | OrderedDict({'weights': tensor([-4.3140e-01, -4.2633e-01, -4.3313e-01, -4.2871e-01, -1.0413e-01,
        -4.3057e-01, -4.2994e-01, -4.3495e-01, -4.3146e-01, -1.0542e-01,
         1.4013e-45,  1.4013e-45,  1.4013e-45,  1.4013e-45,  1.4013e-45,
         1.4013e-45,  1.4013e-45,  1.4013e-45,  1.4013e-45, -1.1232e-04])})
268 | OrderedDict({'weights': tensor([-4.3180e-01, -4.2810e-01, -4.3393e-01, -4.2980e-01, -1.0650e-01,
        -4.3045e-01, -4.3112e-01, -4.3593e-01, -4.3281e-01, -1.0489e-01,
         1.4013e-45,  1.4013e-45,  1.4013e-45,  1.4013e-45,  1.4013e-45,
         1.4013e-45,  1.4013e-45,  1.4013e-45,  1.4013e-45, -9.6800e-05])})
269 | OrderedDict({'weights': tensor([-4.4126e-01, -4.3817e-01, -4.4342e-01, -4.3957e-01, -1.0359e-01,
        -4.3940e-01, -4.4141e-01, -4.4468e-01, -4.4253e-01, -1.0404e-01,
         1.4013e-45,  1.4013e-45,  1.4013e-45,  1.4013e-45,  1.4013e-45,
         1.4013e-45,  1.4013e-45,  1.4013e-45,  1.4013e-45, -9.1741e-05])})
270 | OrderedDict({'weights': tensor([-4.4593e-01, -4.4283e-01, -4.4875e-01, -4.4522e-01, -1.0913e-01,
        -4.4547e-01, -4.4745e-01, -4.5110e-01, -4.4948e-01, -1.0967e-01,
         1.4013e-45,  1.4013e-45,  1.4013e-45,  1.4013e-45,  1.4013e-45,
         1.4013e-45,  1.4013e-45,  1.4013e-45,  1.4013e-45, -2.8811e-05])})
271 | OrderedDict({'weights': tensor([-4.1991e-01, -4.1695e-01, -4.2246e-01, -4.1926e-01, -1.0713e-01,
        -4.2040e-01, -4.1844e-01, -4.2373e-01, -4.2108e-01, -1.0610e-01,
         1.4013e-45,  1.4013e-45,  1.4013e-45,  1.4013e-45,  1.4013e-45,
         1.4013e-45,  1.4013e-45,  1.4013e-45,  1.4013e-45, -7.0971e-05])})
272 | OrderedDict({'weights': tensor([-4.2455e-01, -4.2197e-01, -4.2918e-01, -4.2448e-01, -1.0628e-01,
        -4.2506e-01, -4.2379e-01, -4.3021e-01, -4.2592e-01, -1.0368e-01,
         1.4013e-45,  1.4013e-45,  1.4013e-45,  1.4013e-45,  1.4013e-45,
         1.4013e-45,  1.4013e-45,  1.4013e-45,  1.4013e-45, -8.4266e-05])})
273 | OrderedDict({'weights': tensor([-4.2434e-01, -4.2116e-01, -4.2861e-01, -4.2431e-01, -1.1015e-01,
        -4.2354e-01, -4.2325e-01, -4.2971e-01, -4.2587e-01, -1.1185e-01,
         1.4013e-45,  1.4013e-45,  1.4013e-45,  1.4013e-45,  1.4013e-45,
         1.4013e-45,  1.4013e-45,  1.4013e-45,  1.4013e-45,  4.5118e-05])})
274 | OrderedDict({'weights': tensor([-4.1959e-01, -4.1732e-01, -4.2350e-01, -4.1997e-01, -1.0983e-01,
        -4.1849e-01, -4.1842e-01, -4.2388e-01, -4.2122e-01, -1.0960e-01,
         1.4013e-45,  1.4013e-45,  1.4013e-45,  1.4013e-45,  1.4013e-45,
         1.4013e-45,  1.4013e-45,  1.4013e-45,  1.4013e-45, -5.4796e-05])})
275 | OrderedDict({'weights': tensor([-4.2472e-01, -4.2092e-01, -4.2877e-01, -4.2329e-01, -1.0891e-01,
        -4.2223e-01, -4.2264e-01, -4.2956e-01, -4.2651e-01, -1.1296e-01,
         1.4013e-45,  1.4013e-45,  1.4013e-45,  1.4013e-45,  1.4013e-45,
         1.4013e-45,  1.4013e-45,  1.4013e-45,  1.4013e-45, -7.7510e-05])})
276 | OrderedDict({'weights': tensor([-4.1863e-01, -4.1594e-01, -4.2123e-01, -4.1788e-01, -1.1173e-01,
        -4.1657e-01, -4.1676e-01, -4.2110e-01, -4.1934e-01, -1.1363e-01,
         1.4013e-45,  1.4013e-45,  1.4013e-45,  1.4013e-45,  1.4013e-45,
         1.4013e-45,  1.4013e-45,  1.4013e-45,  1.4013e-45, -8.9082e-05])})
277 | OrderedDict({'weights': tensor([-4.2706e-01, -4.2362e-01, -4.3037e-01, -4.2478e-01, -1.0804e-01,
        -4.2399e-01, -4.2493e-01, -4.2995e-01, -4.2691e-01, -1.1179e-01,
         1.4013e-45,  1.4013e-45,  1.4013e-45,  1.4013e-45,  1.4013e-45,
         1.4013e-45,  1.4013e-45,  1.4013e-45,  1.4013e-45, -1.3009e-04])})
278 | OrderedDict({'weights': tensor([-4.3384e-01, -4.3144e-01, -4.3900e-01, -4.3272e-01, -1.1101e-01,
        -4.3193e-01, -4.3281e-01, -4.3912e-01, -4.3470e-01, -1.0853e-01,
         1.4013e-45,  1.4013e-45,  1.4013e-45,  1.4013e-45,  1.4013e-45,
         1.4013e-45,  1.4013e-45,  1.4013e-45,  1.4013e-45, -1.0006e-04])})
279 | OrderedDict({'weights': tensor([-4.3036e-01, -4.2878e-01, -4.3483e-01, -4.3047e-01, -1.0745e-01,
        -4.2896e-01, -4.3034e-01, -4.3573e-01, -4.3267e-01, -1.0475e-01,
         1.4013e-45,  1.4013e-45,  1.4013e-45,  1.4013e-45,  1.4013e-45,
         1.4013e-45,  1.4013e-45,  1.4013e-45,  1.4013e-45, -9.3621e-05])})
280 | OrderedDict({'weights': tensor([-4.2381e-01, -4.2140e-01, -4.2747e-01, -4.2265e-01, -1.0816e-01,
        -4.2188e-01, -4.2209e-01, -4.2822e-01, -4.2431e-01, -1.0824e-01,
         1.4013e-45,  1.4013e-45,  1.4013e-45,  1.4013e-45,  1.4013e-45,
         1.4013e-45,  1.4013e-45,  1.4013e-45,  1.4013e-45,  4.1520e-06])})
281 | OrderedDict({'weights': tensor([-4.3599e-01, -4.3339e-01, -4.3961e-01, -4.3471e-01, -1.0602e-01,
        -4.3390e-01, -4.3512e-01, -4.4138e-01, -4.3767e-01, -1.0106e-01,
         1.4013e-45,  1.4013e-45,  1.4013e-45,  1.4013e-45,  1.4013e-45,
         1.4013e-45,  1.4013e-45,  1.4013e-45,  1.4013e-45, -1.3666e-04])})
282 | OrderedDict({'weights': tensor([-4.4484e-01, -4.4301e-01, -4.4794e-01, -4.4449e-01, -1.0615e-01,
        -4.4323e-01, -4.4438e-01, -4.4931e-01, -4.4654e-01, -1.0151e-01,
         1.4013e-45,  1.4013e-45,  1.4013e-45,  1.4013e-45,  1.4013e-45,
         1.4013e-45,  1.4013e-45,  1.4013e-45,  1.4013e-45, -8.9260e-05])})
283 | OrderedDict({'weights': tensor([-4.3602e-01, -4.3289e-01, -4.3890e-01, -4.3413e-01, -1.0944e-01,
        -4.3483e-01, -4.3457e-01, -4.4026e-01, -4.3712e-01, -1.0920e-01,
         1.4013e-45,  1.4013e-45,  1.4013e-45,  1.4013e-45,  1.4013e-45,
         1.4013e-45,  1.4013e-45,  1.4013e-45,  1.4013e-45,  2.8102e-05])})
284 | OrderedDict({'weights': tensor([-4.2250e-01, -4.1971e-01, -4.2452e-01, -4.2235e-01, -1.0677e-01,
        -4.2238e-01, -4.2157e-01, -4.2584e-01, -4.2452e-01, -1.0597e-01,
         1.4013e-45,  1.4013e-45,  1.4013e-45,  1.4013e-45,  1.4013e-45,
         1.4013e-45,  1.4013e-45,  1.4013e-45,  1.4013e-45, -7.4711e-05])})
285 | OrderedDict({'weights': tensor([-4.2792e-01, -4.2521e-01, -4.3168e-01, -4.2704e-01, -1.1168e-01,
        -4.2685e-01, -4.2797e-01, -4.3271e-01, -4.3032e-01, -1.1127e-01,
         1.4013e-45,  1.4013e-45,  1.4013e-45,  1.4013e-45,  1.4013e-45,
         1.4013e-45,  1.4013e-45,  1.4013e-45,  1.4013e-45, -5.5824e-06])})
286 | OrderedDict({'weights': tensor([-4.2280e-01, -4.1955e-01, -4.2614e-01, -4.2190e-01, -1.1121e-01,
        -4.2121e-01, -4.2148e-01, -4.2696e-01, -4.2483e-01, -1.1243e-01,
         1.4013e-45,  1.4013e-45,  1.4013e-45,  1.4013e-45,  1.4013e-45,
         1.4013e-45,  1.4013e-45,  1.4013e-45,  1.4013e-45,  1.1118e-05])})
287 | OrderedDict({'weights': tensor([-4.4422e-01, -4.4091e-01, -4.4674e-01, -4.4286e-01, -1.0512e-01,
        -4.4153e-01, -4.4320e-01, -4.4748e-01, -4.4594e-01, -1.0520e-01,
         1.4013e-45,  1.4013e-45,  1.4013e-45,  1.4013e-45,  1.4013e-45,
         1.4013e-45,  1.4013e-45,  1.4013e-45,  1.4013e-45, -9.6496e-05])})
288 | OrderedDict({'weights': tensor([-4.4220e-01, -4.3968e-01, -4.4570e-01, -4.4140e-01, -1.0427e-01,
        -4.4035e-01, -4.4140e-01, -4.4590e-01, -4.4362e-01, -1.0538e-01,
         1.4013e-45,  1.4013e-45,  1.4013e-45,  1.4013e-45,  1.4013e-45,
         1.4013e-45,  1.4013e-45,  1.4013e-45,  1.4013e-45, -5.9841e-05])})
289 | OrderedDict({'weights': tensor([-4.2685e-01, -4.2488e-01, -4.3104e-01, -4.2665e-01, -1.0989e-01,
        -4.2634e-01, -4.2574e-01, -4.3135e-01, -4.2818e-01, -1.1236e-01,
         1.4013e-45,  1.4013e-45,  1.4013e-45,  1.4013e-45,  1.4013e-45,
         1.4013e-45,  1.4013e-45,  1.4013e-45,  1.4013e-45,  3.5999e-05])})
290 | OrderedDict({'weights': tensor([-4.2259e-01, -4.1978e-01, -4.2676e-01, -4.2180e-01, -1.1366e-01,
        -4.2199e-01, -4.2149e-01, -4.2684e-01, -4.2352e-01, -1.1946e-01,
         1.4013e-45,  1.4013e-45,  1.4013e-45,  1.4013e-45,  1.4013e-45,
         1.4013e-45,  1.4013e-45,  1.4013e-45,  1.4013e-45,  1.2443e-04])})
291 | OrderedDict({'weights': tensor([-4.2792e-01, -4.2463e-01, -4.3101e-01, -4.2632e-01, -1.0844e-01,
        -4.2786e-01, -4.2774e-01, -4.3352e-01, -4.3039e-01, -1.1147e-01,
         1.4013e-45,  1.4013e-45,  1.4013e-45,  1.4013e-45,  1.4013e-45,
         1.4013e-45,  1.4013e-45,  1.4013e-45,  1.4013e-45, -8.3699e-05])})
292 | OrderedDict({'weights': tensor([-4.2454e-01, -4.2177e-01, -4.2859e-01, -4.2457e-01, -1.0742e-01,
        -4.2425e-01, -4.2469e-01, -4.3015e-01, -4.2732e-01, -1.0926e-01,
         1.4013e-45,  1.4013e-45,  1.4013e-45,  1.4013e-45,  1.4013e-45,
         1.4013e-45,  1.4013e-45,  1.4013e-45,  1.4013e-45, -8.5122e-05])})
293 | OrderedDict({'weights': tensor([-4.3203e-01, -4.2946e-01, -4.3537e-01, -4.3108e-01, -1.0801e-01,
        -4.3150e-01, -4.3273e-01, -4.3664e-01, -4.3417e-01, -1.0761e-01,
         1.4013e-45,  1.4013e-45,  1.4013e-45,  1.4013e-45,  1.4013e-45,
         1.4013e-45,  1.4013e-45,  1.4013e-45,  1.4013e-45, -1.6040e-04])})
294 | OrderedDict({'weights': tensor([-4.2433e-01, -4.2080e-01, -4.2677e-01, -4.2243e-01, -1.1193e-01,
        -4.2340e-01, -4.2316e-01, -4.2785e-01, -4.2495e-01, -1.0991e-01,
         1.4013e-45,  1.4013e-45,  1.4013e-45,  1.4013e-45,  1.4013e-45,
         1.4013e-45,  1.4013e-45,  1.4013e-45,  1.4013e-45, -1.1609e-04])})
295 | OrderedDict({'weights': tensor([-4.2156e-01, -4.1842e-01, -4.2525e-01, -4.2003e-01, -1.0607e-01,
        -4.1993e-01, -4.2072e-01, -4.2628e-01, -4.2263e-01, -1.0939e-01,
         1.4013e-45,  1.4013e-45,  1.4013e-45,  1.4013e-45,  1.4013e-45,
         1.4013e-45,  1.4013e-45,  1.4013e-45,  1.4013e-45, -8.6086e-05])})
296 | OrderedDict({'weights': tensor([-4.2272e-01, -4.2040e-01, -4.2748e-01, -4.2292e-01, -1.0572e-01,
        -4.2187e-01, -4.2335e-01, -4.2870e-01, -4.2572e-01, -1.0965e-01,
         1.4013e-45,  1.4013e-45,  1.4013e-45,  1.4013e-45,  1.4013e-45,
         1.4013e-45,  1.4013e-45,  1.4013e-45,  1.4013e-45, -6.0271e-05])})
297 | OrderedDict({'weights': tensor([-4.3671e-01, -4.3249e-01, -4.3979e-01, -4.3475e-01, -1.0463e-01,
        -4.3428e-01, -4.3544e-01, -4.4154e-01, -4.3848e-01, -1.0630e-01,
         1.4013e-45,  1.4013e-45,  1.4013e-45,  1.4013e-45,  1.4013e-45,
         1.4013e-45,  1.4013e-45,  1.4013e-45,  1.4013e-45, -1.3177e-04])})
298 | OrderedDict({'weights': tensor([-4.2348e-01, -4.1947e-01, -4.2611e-01, -4.2131e-01, -1.0943e-01,
        -4.2089e-01, -4.2117e-01, -4.2757e-01, -4.2463e-01, -1.0790e-01,
         1.4013e-45,  1.4013e-45,  1.4013e-45,  1.4013e-45,  1.4013e-45,
         1.4013e-45,  1.4013e-45,  1.4013e-45,  1.4013e-45, -3.8314e-05])})
299 | OrderedDict({'weights': tensor([-4.3209e-01, -4.2916e-01, -4.3587e-01, -4.3089e-01, -1.0860e-01,
        -4.3070e-01, -4.3295e-01, -4.3855e-01, -4.3537e-01, -1.0910e-01,
         1.4013e-45,  1.4013e-45,  1.4013e-45,  1.4013e-45,  1.4013e-45,
         1.4013e-45,  1.4013e-45,  1.4013e-45,  1.4013e-45, -6.9055e-05])})
300 | OrderedDict({'weights': tensor([-4.2376e-01, -4.2060e-01, -4.2637e-01, -4.2203e-01, -1.1027e-01,
        -4.2173e-01, -4.2311e-01, -4.2730e-01, -4.2472e-01, -1.1205e-01,
         1.4013e-45,  1.4013e-45,  1.4013e-45,  1.4013e-45,  1.4013e-45,
         1.4013e-45,  1.4013e-45,  1.4013e-45,  1.4013e-45,  5.6129e-05])})
